1500.03 20 269 0 270 0 271 0 272 0 273 0 274 0 275 0 276 0 277 0 278 0 279 0 280 0 281 0 282 0 283 0 284 0 285 0 286 0 287 0 288 0 289 0 290 0 291 0 292 0 293 0 294 0 295 0 296 0 297 0 298 0 299 0 300 0 301 0 302 0 303 0 304 0 305 0 306 0 307 0 308 0 309 0 310 0 311 0 312 0
1500.06 20 269 0 270 0 271 0 272 0 273 0 274 0 275 0 276 0 277 0 278 0 279 0 280 0 281 0 282 0 283 0 284 0 285 0 286 0 287 0 288 0 289 0 290 0 291 0 292 0 293 0 294 0 295 0 296 0 297 0 298 0 299 0 300 0 301 0 302 0 303 0 304 0 305 0 306 0 307 0 308 0 309 0 310 0 311 0 312 0
1500.07 20 273 -5.122e-06 274 -5.122e-06 275 -5.122e-06 276 -5.122e-06 277 -5.122e-06 278 -5.122e-06 279 -5.122e-06 280 -5.122e-06 281 -5.122e-06 282 -5.122e-06 283 -5.122e-06 284 -5.122e-06 285 -5.122e-06 286 -5.122e-06 287 -5.122e-06 288 -5.122e-06 289 -5.122e-06 290 -5.122e-06 291 -5.122e-06 292 -5.122e-06 293 -5.122e-06 294 -5.122e-06 295 -5.122e-06 296 -5.122e-06
1500.08 20 273 -5.10141e-06 274 -5.10141e-06 275 -5.10141e-06 276 -5.10141e-06 277 -5.10141e-06 278 -5.10141e-06 279 -5.10141e-06 280 -5.10141e-06 281 -5.10141e-06 282 -5.10141e-06 283 -5.10141e-06 284 -5.10141e-06 285 -5.10141e-06 286 -5.10141e-06 287 -5.10141e-06 288 -5.10141e-06 289 -5.10141e-06 290 -5.10141e-06 291 -5.10141e-06 292 -5.10141e-06 293 -5.10141e-06 294 -5.10141e-06 295 -5.10141e-06 296 -5.10141e-06
1500.1 20 319 -2.68775e-05 320 -2.68775e-05 321 -2.68775e-05 322 -2.68775e-05 323 -2.68775e-05 324 -2.68775e-05 325 -2.68775e-05 326 -2.68775e-05 327 -2.68775e-05
1500.11 14 319 0.000419439 320 0.000419439 321 0.000419439 322 0.000419439 323 0.000419439 324 0.000419439 325 0.000419439 326 0.000419439 327 0.000419439
1500.12 14 269 2.66719e-05 270 2.66719e-05 271 2.66719e-05 272 2.66719e-05 273 2.66719e-05 274 2.66719e-05 275 2.66719e-05 276 2.66719e-05 277 2.66719e-05 278 2.66719e-05 279 2.66719e-05 280 2.66719e-05 281 2.66719e-05 282 2.66719e-05 283 2.66719e-05 284 2.66719e-05 285 2.66719e-05 286 2.66719e-05 287 2.66719e-05 288 2.66719e-05 289 2.66719e-05 290 2.66719e-05 291 2.66719e-05 292 2.66719e-05 293 2.66719e-05 294 2.66719e-05 295 2.66719e-05 296 2.66719e-05 297 2.66719e-05 298 2.66719e-05 299 2.66719e-05 300 2.66719e-05 301 2.66719e-05 302 2.66719e-05 303 2.66719e-05 304 2.66719e-05 305 2.66719e-05 306 2.66719e-05 307 2.66719e-05 308 2.66719e-05 309 2.66719e-05 310 2.66719e-05 311 2.66719e-05 312 2.66719e-05
1500.13 14 272 4.56951e-05 273 4.56951e-05 274 4.56951e-05 275 4.56951e-05 276 4.56951e-05 277 4.56951e-05 278 4.56951e-05 279 4.56951e-05 280 4.56951e-05 281 4.56951e-05 282 4.56951e-05 283 4.56951e-05 284 4.56951e-05 285 4.56951e-05 286 4.56951e-05 287 4.56951e-05 288 4.56951e-05 289 4.56951e-05 290 4.56951e-05 291 4.56951e-05 292 4.56951e-05 293 4.56951e-05 294 4.56951e-05 295 4.56951e-05 296 4.56951e-05 297 4.56951e-05 298 4.56951e-05 299 4.56951e-05 300 4.56951e-05 301 4.56951e-05 302 4.56951e-05 303 4.56951e-05 304 4.56951e-05 305 4.56951e-05 306 4.56951e-05 307 4.56951e-05 308 4.56951e-05 309 4.56951e-05 310 4.56951e-05 311 4.56951e-05
1500.15 14 273 7.36456e-05 274 7.36456e-05 275 7.36456e-05 276 7.36456e-05 277 7.36456e-05 278 7.36456e-05 279 7.36456e-05 280 7.36456e-05 281 7.36456e-05 282 7.36456e-05 283 7.36456e-05 284 7.36456e-05 285 7.36456e-05 286 7.36456e-05 287 7.36456e-05 288 7.36456e-05 289 7.36456e-05 290 7.36456e-05 291 7.36456e-05 292 7.36456e-05 293 7.36456e-05 294 7.36456e-05 295 7.36456e-05 296 7.36456e-05
1500.16 14 273 7.36353e-05 274 7.36353e-05 275 7.36353e-05 276 7.36353e-05 277 7.36353e-05 278 7.36353e-05 279 7.36353e-05 280 7.36353e-05 281 7.36353e-05 282 7.36353e-05 283 7.36353e-05 284 7.36353e-05 285 7.36353e-05 286 7.36353e-05 287 7.36353e-05 288 7.36353e-05 289 7.36353e-05 290 7.36353e-05 291 7.36353e-05 292 7.36353e-05 293 7.36353e-05 294 7.36353e-05 295 7.36353e-05 296 7.36353e-05
1500.18 12 308 -0.000177948 309 -0.000177948 310 -0.000177948 311 -0.000177948 312 -0.000177948 313 -0.000177948 314 -0.000177948 315 -0.000177948 316 -0.000177948 317 -0.000177948 318 -0.000177948 319 -0.000177948 320 -0.000177948 321 -0.000177948 322 -0.000177948
1500.2 14 273 7.47375e-05 274 7.47375e-05 275 7.47375e-05 276 7.47375e-05 277 7.47375e-05 278 7.47375e-05 279 7.47375e-05 280 7.47375e-05 281 7.47375e-05 282 7.47375e-05 283 7.47375e-05 284 7.47375e-05 285 7.47375e-05 286 7.47375e-05 287 7.47375e-05 288 7.47375e-05 289 7.47375e-05 290 7.47375e-05 291 7.47375e-05 292 7.47375e-05 293 7.47375e-05 294 7.47375e-05 295 7.47375e-05 296 7.47375e-05
1500.22 14 286 0.000134311 287 0.000134311 288 0.000134311 289 0.000134311 290 0.000134311 291 0.000134311 292 0.000134311 293 0.000134311 294 0.000134311 295 0.000134311 296 0.000134311 297 0.000134311 298 0.000134311 299 0.000134311 300 0.000134311 301 0.000134311 302 0.000134311
1500.26 14 269 2.69673e-05 270 2.69673e-05 271 2.69673e-05 272 2.69673e-05 273 2.69673e-05 274 2.69673e-05 275 2.69673e-05 276 2.69673e-05 277 2.69673e-05 278 2.69673e-05 279 2.69673e-05 280 2.69673e-05 281 2.69673e-05 282 2.69673e-05 283 2.69673e-05 284 2.69673e-05 285 2.69673e-05 286 2.69673e-05 287 2.69673e-05 288 2.69673e-05 289 2.69673e-05 290 2.69673e-05 291 2.69673e-05 292 2.69673e-05 293 2.69673e-05 294 2.69673e-05 295 2.69673e-05 296 2.69673e-05 297 2.69673e-05 298 2.69673e-05 299 2.69673e-05 300 2.69673e-05 301 2.69673e-05 302 2.69673e-05 303 2.69673e-05 304 2.69673e-05 305 2.69673e-05 306 2.69673e-05 307 2.69673e-05 308 2.69673e-05 309 2.69673e-05 310 2.69673e-05 311 2.69673e-05 312 2.69673e-05
1500.27 12 269 -2.64102e-05 270 -2.64102e-05 271 -2.64102e-05 272 -2.64102e-05 273 -2.64102e-05 274 -2.64102e-05 275 -2.64102e-05 276 -2.64102e-05 277 -2.64102e-05 278 -2.64102e-05 279 -2.64102e-05 280 -2.64102e-05 281 -2.64102e-05 282 -2.64102e-05 283 -2.64102e-05 284 -2.64102e-05 285 -2.64102e-05 286 -2.64102e-05 287 -2.64102e-05 288 -2.64102e-05 289 -2.64102e-05 290 -2.64102e-05 291 -2.64102e-05 292 -2.64102e-05 293 -2.64102e-05 294 -2.64102e-05 295 -2.64102e-05 296 -2.64102e-05 297 -2.64102e-05 298 -2.64102e-05 299 -2.64102e-05 300 -2.64102e-05 301 -2.64102e-05 302 -2.64102e-05 303 -2.64102e-05 304 -2.64102e-05 305 -2.64102e-05 306 -2.64102e-05 307 -2.64102e-05 308 -2.64102e-05 309 -2.64102e-05 310 -2.64102e-05 311 -2.64102e-05 312 -2.64102e-05
1500.28 12 272 -2.82129e-05 273 -2.82129e-05 274 -2.82129e-05 275 -2.82129e-05 276 -2.82129e-05 277 -2.82129e-05 278 -2.82129e-05 279 -2.82129e-05 280 -2.82129e-05 281 -2.82129e-05 282 -2.82129e-05 283 -2.82129e-05 284 -2.82129e-05 285 -2.82129e-05 286 -2.82129e-05 287 -2.82129e-05 288 -2.82129e-05 289 -2.82129e-05 290 -2.82129e-05 291 -2.82129e-05 292 -2.82129e-05 293 -2.82129e-05 294 -2.82129e-05 295 -2.82129e-05 296 -2.82129e-05 297 -2.82129e-05 298 -2.82129e-05 299 -2.82129e-05 300 -2.82129e-05 301 -2.82129e-05 302 -2.82129e-05 303 -2.82129e-05 304 -2.82129e-05 305 -2.82129e-05 306 -2.82129e-05 307 -2.82129e-05 308 -2.82129e-05 309 -2.82129e-05 310 -2.82129e-05 311 -2.82129e-05
1500.29 12 308 -0.000177853 309 -0.000177853 310 -0.000177853 311 -0.000177853 312 -0.000177853 313 -0.000177853 314 -0.000177853 315 -0.000177853 316 -0.000177853 317 -0.000177853 318 -0.000177853 319 -0.000177853 320 -0.000177853 321 -0.000177853 322 -0.000177853
1500.3 12 272 -2.82099e-05 273 -2.82099e-05 274 -2.82099e-05 275 -2.82099e-05 276 -2.82099e-05 277 -2.82099e-05 278 -2.82099e-05 279 -2.82099e-05 280 -2.82099e-05 281 -2.82099e-05 282 -2.82099e-05 283 -2.82099e-05 284 -2.82099e-05 285 -2.82099e-05 286 -2.82099e-05 287 -2.82099e-05 288 -2.82099e-05 289 -2.82099e-05 290 -2.82099e-05 291 -2.82099e-05 292 -2.82099e-05 293 -2.82099e-05 294 -2.82099e-05 295 -2.82099e-05 296 -2.82099e-05 297 -2.82099e-05 298 -2.82099e-05 299 -2.82099e-05 300 -2.82099e-05 301 -2.82099e-05 302 -2.82099e-05 303 -2.82099e-05 304 -2.82099e-05 305 -2.82099e-05 306 -2.82099e-05 307 -2.82099e-05 308 -2.82099e-05 309 -2.82099e-05 310 -2.82099e-05 311 -2.82099e-05
1500.31 14 308 0.000177806 309 0.000177806 310 0.000177806 311 0.000177806 312 0.000177806 313 0.000177806 314 0.000177806 315 0.000177806 316 0.000177806 317 0.000177806 318 0.000177806 319 0.000177806 320 0.000177806 321 0.000177806 322 0.000177806
1500.33 20 269 -1.32523e-06 270 -1.32523e-06 271 -1.32523e-06 272 -1.32523e-06 273 -1.32523e-06 274 -1.32523e-06 275 -1.32523e-06 276 -1.32523e-06 277 -1.32523e-06 278 -1.32523e-06 279 -1.32523e-06 280 -1.32523e-06 281 -1.32523e-06 282 -1.32523e-06 283 -1.32523e-06 284 -1.32523e-06 285 -1.32523e-06 286 -1.32523e-06 287 -1.32523e-06 288 -1.32523e-06 289 -1.32523e-06 290 -1.32523e-06 291 -1.32523e-06 292 -1.32523e-06 293 -1.32523e-06 294 -1.32523e-06 295 -1.32523e-06 296 -1.32523e-06 297 -1.32523e-06 298 -1.32523e-06 299 -1.32523e-06 300 -1.32523e-06 301 -1.32523e-06 302 -1.32523e-06 303 -1.32523e-06 304 -1.32523e-06 305 -1.32523e-06 306 -1.32523e-06 307 -1.32523e-06 308 -1.32523e-06 309 -1.32523e-06 310 -1.32523e-06 311 -1.32523e-06 312 -1.32523e-06
1500.35 20 269 -1.33149e-06 270 -1.33149e-06 271 -1.33149e-06 272 -1.33149e-06 273 -1.33149e-06 274 -1.33149e-06 275 -1.33149e-06 276 -1.33149e-06 277 -1.33149e-06 278 -1.33149e-06 279 -1.33149e-06 280 -1.33149e-06 281 -1.33149e-06 282 -1.33149e-06 283 -1.33149e-06 284 -1.33149e-06 285 -1.33149e-06 286 -1.33149e-06 287 -1.33149e-06 288 -1.33149e-06 289 -1.33149e-06 290 -1.33149e-06 291 -1.33149e-06 292 -1.33149e-06 293 -1.33149e-06 294 -1.33149e-06 295 -1.33149e-06 296 -1.33149e-06 297 -1.33149e-06 298 -1.33149e-06 299 -1.33149e-06 300 -1.33149e-06 301 -1.33149e-06 302 -1.33149e-06 303 -1.33149e-06 304 -1.33149e-06 305 -1.33149e-06 306 -1.33149e-06 307 -1.33149e-06 308 -1.33149e-06 309 -1.33149e-06 310 -1.33149e-06 311 -1.33149e-06 312 -1.33149e-06
1500.38 20 293 -0.000126633 294 -0.000126633 295 -0.000126633 296 -0.000126633 297 -0.000126633 298 -0.000126633
1500.39 20 272 -1.79731e-06 273 -1.79731e-06 274 -1.79731e-06 275 -1.79731e-06 276 -1.79731e-06 277 -1.79731e-06 278 -1.79731e-06 279 -1.79731e-06 280 -1.79731e-06 281 -1.79731e-06 282 -1.79731e-06 283 -1.79731e-06 284 -1.79731e-06 285 -1.79731e-06 286 -1.79731e-06 287 -1.79731e-06 288 -1.79731e-06 289 -1.79731e-06 290 -1.79731e-06 291 -1.79731e-06 292 -1.79731e-06 293 -1.79731e-06 294 -1.79731e-06 295 -1.79731e-06 296 -1.79731e-06 297 -1.79731e-06 298 -1.79731e-06 299 -1.79731e-06 300 -1.79731e-06 301 -1.79731e-06 302 -1.79731e-06 303 -1.79731e-06 304 -1.79731e-06 305 -1.79731e-06 306 -1.79731e-06 307 -1.79731e-06 308 -1.79731e-06 309 -1.79731e-06 310 -1.79731e-06 311 -1.79731e-06
1500.4 20 272 0 273 0 274 0 275 0 276 0 277 0 278 0 279 0 280 0 281 0 282 0 283 0 284 0 285 0 286 0 287 0 288 0 289 0 290 0 291 0 292 0 293 0 294 0 295 0 296 0 297 0 298 0 299 0 300 0 301 0 302 0 303 0 304 0 305 0 306 0 307 0 308 0 309 0 310 0 311 0
1500.41 20 272 0 273 0 274 0 275 0 276 0 277 0 278 0 279 0 280 0 281 0 282 0 283 0 284 0 285 0 286 0 287 0 288 0 289 0 290 0 291 0 292 0 293 0 294 0 295 0 296 0 297 0 298 0 299 0 300 0 301 0 302 0 303 0 304 0 305 0 306 0 307 0 308 0 309 0 310 0 311 0
1500.42 12 274 -7.75762e-05 275 -7.75762e-05 276 -7.75762e-05 277 -7.75762e-05 278 -7.75762e-05 279 -7.75762e-05 280 -7.75762e-05 281 -7.75762e-05 282 -7.75762e-05 283 -7.75762e-05 284 -7.75762e-05 285 -7.75762e-05 286 -7.75762e-05 287 -7.75762e-05 288 -7.75762e-05 289 -7.75762e-05 290 -7.75762e-05 291 -7.75762e-05 292 -7.75762e-05 293 -7.75762e-05 294 -7.75762e-05 295 -7.75762e-05 296 -7.75762e-05
1500.46 25 269 -1.26123e-06 270 -1.26123e-06 271 -1.26123e-06 272 -1.26123e-06 273 -1.26123e-06 274 -1.26123e-06 275 -1.26123e-06 276 -1.26123e-06 277 -1.26123e-06 278 -1.26123e-06 279 -1.26123e-06 280 -1.26123e-06 281 -1.26123e-06 282 -1.26123e-06 283 -1.26123e-06 284 -1.26123e-06 285 -1.26123e-06 286 -1.26123e-06 287 -1.26123e-06 288 -1.26123e-06 289 -1.26123e-06 290 -1.26123e-06 291 -1.26123e-06 292 -1.26123e-06 293 -1.26123e-06 294 -1.26123e-06 295 -1.26123e-06 296 -1.26123e-06 297 -1.26123e-06 298 -1.26123e-06 299 -1.26123e-06 300 -1.26123e-06 301 -1.26123e-06 302 -1.26123e-06 303 -1.26123e-06 304 -1.26123e-06 305 -1.26123e-06 306 -1.26123e-06 307 -1.26123e-06 308 -1.26123e-06 309 -1.26123e-06 310 -1.26123e-06 311 -1.26123e-06 312 -1.26123e-06
1500.47 20 269 -1.26345e-06 270 -1.26345e-06 271 -1.26345e-06 272 -1.26345e-06 273 -1.26345e-06 274 -1.26345e-06 275 -1.26345e-06 276 -1.26345e-06 277 -1.26345e-06 278 -1.26345e-06 279 -1.26345e-06 280 -1.26345e-06 281 -1.26345e-06 282 -1.26345e-06 283 -1.26345e-06 284 -1.26345e-06 285 -1.26345e-06 286 -1.26345e-06 287 -1.26345e-06 288 -1.26345e-06 289 -1.26345e-06 290 -1.26345e-06 291 -1.26345e-06 292 -1.26345e-06 293 -1.26345e-06 294 -1.26345e-06 295 -1.26345e-06 296 -1.26345e-06 297 -1.26345e-06 298 -1.26345e-06 299 -1.26345e-06 300 -1.26345e-06 301 -1.26345e-06 302 -1.26345e-06 303 -1.26345e-06 304 -1.26345e-06 305 -1.26345e-06 306 -1.26345e-06 307 -1.26345e-06 308 -1.26345e-06 309 -1.26345e-06 310 -1.26345e-06 311 -1.26345e-06 312 -1.26345e-06
1500.49 25 269 -1.25966e-06 270 -1.25966e-06 271 -1.25966e-06 272 -1.25966e-06 273 -1.25966e-06 274 -1.25966e-06 275 -1.25966e-06 276 -1.25966e-06 277 -1.25966e-06 278 -1.25966e-06 279 -1.25966e-06 280 -1.25966e-06 281 -1.25966e-06 282 -1.25966e-06 283 -1.25966e-06 284 -1.25966e-06 285 -1.25966e-06 286 -1.25966e-06 287 -1.25966e-06 288 -1.25966e-06 289 -1.25966e-06 290 -1.25966e-06 291 -1.25966e-06 292 -1.25966e-06 293 -1.25966e-06 294 -1.25966e-06 295 -1.25966e-06 296 -1.25966e-06 297 -1.25966e-06 298 -1.25966e-06 299 -1.25966e-06 300 -1.25966e-06 301 -1.25966e-06 302 -1.25966e-06 303 -1.25966e-06 304 -1.25966e-06 305 -1.25966e-06 306 -1.25966e-06 307 -1.25966e-06 308 -1.25966e-06 309 -1.25966e-06 310 -1.25966e-06 311 -1.25966e-06 312 -1.25966e-06
1500.53 12 269 0.0653014 270 0.0653014 271 0.0653014 272 0.0653014 273 0.0653014 274 0.0653014 275 0.0653014 276 0.0653014 277 0.0653014 278 0.0653014 279 0.0653014 280 0.0653014 281 0.0653014 282 0.0653014 283 0.0653014 284 0.0653014 285 0.0653014 286 0.0653014 287 0.0653014 288 0.0653014 289 0.0653014 290 0.0653014 291 0.0653014 292 0.0653014 293 0.0653014 294 0.0653014 295 0.0653014 296 0.0653014 297 0.0653014 298 0.0653014 299 0.0653014 300 0.0653014 301 0.0653014 302 0.0653014 303 0.0653014 304 0.0653014 305 0.0653014 306 0.0653014 307 0.0653014 308 0.0653014 309 0.0653014 310 0.0653014 311 0.0653014 312 0.0653014
1500.54 14 269 2.40321e-05 270 2.40321e-05 271 2.40321e-05 272 2.40321e-05 273 2.40321e-05 274 2.40321e-05 275 2.40321e-05 276 2.40321e-05 277 2.40321e-05 278 2.40321e-05 279 2.40321e-05 280 2.40321e-05 281 2.40321e-05 282 2.40321e-05 283 2.40321e-05 284 2.40321e-05 285 2.40321e-05 286 2.40321e-05 287 2.40321e-05 288 2.40321e-05 289 2.40321e-05 290 2.40321e-05 291 2.40321e-05 292 2.40321e-05 293 2.40321e-05 294 2.40321e-05 295 2.40321e-05 296 2.40321e-05 297 2.40321e-05 298 2.40321e-05 299 2.40321e-05 300 2.40321e-05 301 2.40321e-05 302 2.40321e-05 303 2.40321e-05 304 2.40321e-05 305 2.40321e-05 306 2.40321e-05 307 2.40321e-05 308 2.40321e-05 309 2.40321e-05 310 2.40321e-05 311 2.40321e-05 312 2.40321e-05
1500.55 20 274 -5.56337e-06 275 -5.56337e-06 276 -5.56337e-06 277 -5.56337e-06 278 -5.56337e-06 279 -5.56337e-06 280 -5.56337e-06 281 -5.56337e-06 282 -5.56337e-06 283 -5.56337e-06 284 -5.56337e-06 285 -5.56337e-06 286 -5.56337e-06 287 -5.56337e-06 288 -5.56337e-06 289 -5.56337e-06 290 -5.56337e-06 291 -5.56337e-06 292 -5.56337e-06 293 -5.56337e-06 294 -5.56337e-06 295 -5.56337e-06 296 -5.56337e-06
1500.56 14 272 0 273 0 274 0 275 0 276 0 277 0 278 0 279 0 280 0 281 0 282 0 283 0 284 0 285 0 286 0 287 0 288 0 289 0 290 0 291 0 292 0 293 0 294 0 295 0 296 0 297 0 298 0 299 0 300 0 301 0 302 0 303 0 304 0 305 0 306 0 307 0 308 0 309 0 310 0 311 0
1500.57 20 269 -1.25362e-06 270 -1.25362e-06 271 -1.25362e-06 272 -1.25362e-06 273 -1.25362e-06 274 -1.25362e-06 275 -1.25362e-06 276 -1.25362e-06 277 -1.25362e-06 278 -1.25362e-06 279 -1.25362e-06 280 -1.25362e-06 281 -1.25362e-06 282 -1.25362e-06 283 -1.25362e-06 284 -1.25362e-06 285 -1.25362e-06 286 -1.25362e-06 287 -1.25362e-06 288 -1.25362e-06 289 -1.25362e-06 290 -1.25362e-06 291 -1.25362e-06 292 -1.25362e-06 293 -1.25362e-06 294 -1.25362e-06 295 -1.25362e-06 296 -1.25362e-06 297 -1.25362e-06 298 -1.25362e-06 299 -1.25362e-06 300 -1.25362e-06 301 -1.25362e-06 302 -1.25362e-06 303 -1.25362e-06 304 -1.25362e-06 305 -1.25362e-06 306 -1.25362e-06 307 -1.25362e-06 308 -1.25362e-06 309 -1.25362e-06 310 -1.25362e-06 311 -1.25362e-06 312 -1.25362e-06
1500.6 14 269 2.48375e-05 270 2.48375e-05 271 2.48375e-05 272 2.48375e-05 273 2.48375e-05 274 2.48375e-05 275 2.48375e-05 276 2.48375e-05 277 2.48375e-05 278 2.48375e-05 279 2.48375e-05 280 2.48375e-05 281 2.48375e-05 282 2.48375e-05 283 2.48375e-05 284 2.48375e-05 285 2.48375e-05 286 2.48375e-05 287 2.48375e-05 288 2.48375e-05 289 2.48375e-05 290 2.48375e-05 291 2.48375e-05 292 2.48375e-05 293 2.48375e-05 294 2.48375e-05 295 2.48375e-05 296 2.48375e-05 297 2.48375e-05 298 2.48375e-05 299 2.48375e-05 300 2.48375e-05 301 2.48375e-05 302 2.48375e-05 303 2.48375e-05 304 2.48375e-05 305 2.48375e-05 306 2.48375e-05 307 2.48375e-05 308 2.48375e-05 309 2.48375e-05 310 2.48375e-05 311 2.48375e-05 312 2.48375e-05
1500.64 12 271 -2.9707e-05 272 -2.9707e-05 273 -2.9707e-05 274 -2.9707e-05 275 -2.9707e-05 276 -2.9707e-05 277 -2.9707e-05 278 -2.9707e-05 279 -2.9707e-05 280 -2.9707e-05 281 -2.9707e-05 282 -2.9707e-05 283 -2.9707e-05 284 -2.9707e-05 285 -2.9707e-05 286 -2.9707e-05 287 -2.9707e-05 288 -2.9707e-05 289 -2.9707e-05 290 -2.9707e-05 291 -2.9707e-05 292 -2.9707e-05 293 -2.9707e-05 294 -2.9707e-05 295 -2.9707e-05 296 -2.9707e-05 297 -2.9707e-05 298 -2.9707e-05 299 -2.9707e-05 300 -2.9707e-05 301 -2.9707e-05 302 -2.9707e-05 303 -2.9707e-05 304 -2.9707e-05 305 -2.9707e-05 306 -2.9707e-05 307 -2.9707e-05 308 -2.9707e-05 309 -2.9707e-05 310 -2.9707e-05 311 -2.9707e-05
1500.67 12 271 -2.99264e-05 272 -2.99264e-05 273 -2.99264e-05 274 -2.99264e-05 275 -2.99264e-05 276 -2.99264e-05 277 -2.99264e-05 278 -2.99264e-05 279 -2.99264e-05 280 -2.99264e-05 281 -2.99264e-05 282 -2.99264e-05 283 -2.99264e-05 284 -2.99264e-05 285 -2.99264e-05 286 -2.99264e-05 287 -2.99264e-05 288 -2.99264e-05 289 -2.99264e-05 290 -2.99264e-05 291 -2.99264e-05 292 -2.99264e-05 293 -2.99264e-05 294 -2.99264e-05 295 -2.99264e-05 296 -2.99264e-05 297 -2.99264e-05 298 -2.99264e-05 299 -2.99264e-05 300 -2.99264e-05 301 -2.99264e-05 302 -2.99264e-05 303 -2.99264e-05 304 -2.99264e-05 305 -2.99264e-05 306 -2.99264e-05 307 -2.99264e-05 308 -2.99264e-05 309 -2.99264e-05 310 -2.99264e-05 311 -2.99264e-05
1500.69 12 269 -2.46614e-05 270 -2.46614e-05 271 -2.46614e-05 272 -2.46614e-05 273 -2.46614e-05 274 -2.46614e-05 275 -2.46614e-05 276 -2.46614e-05 277 -2.46614e-05 278 -2.46614e-05 279 -2.46614e-05 280 -2.46614e-05 281 -2.46614e-05 282 -2.46614e-05 283 -2.46614e-05 284 -2.46614e-05 285 -2.46614e-05 286 -2.46614e-05 287 -2.46614e-05 288 -2.46614e-05 289 -2.46614e-05 290 -2.46614e-05 291 -2.46614e-05 292 -2.46614e-05 293 -2.46614e-05 294 -2.46614e-05 295 -2.46614e-05 296 -2.46614e-05 297 -2.46614e-05 298 -2.46614e-05 299 -2.46614e-05 300 -2.46614e-05 301 -2.46614e-05 302 -2.46614e-05 303 -2.46614e-05 304 -2.46614e-05 305 -2.46614e-05 306 -2.46614e-05 307 -2.46614e-05 308 -2.46614e-05 309 -2.46614e-05 310 -2.46614e-05 311 -2.46614e-05 312 -2.46614e-05
1500.7 12 269 -2.43569e-05 270 -2.43569e-05 271 -2.43569e-05 272 -2.43569e-05 273 -2.43569e-05 274 -2.43569e-05 275 -2.43569e-05 276 -2.43569e-05 277 -2.43569e-05 278 -2.43569e-05 279 -2.43569e-05 280 -2.43569e-05 281 -2.43569e-05 282 -2.43569e-05 283 -2.43569e-05 284 -2.43569e-05 285 -2.43569e-05 286 -2.43569e-05 287 -2.43569e-05 288 -2.43569e-05 289 -2.43569e-05 290 -2.43569e-05 291 -2.43569e-05 292 -2.43569e-05 293 -2.43569e-05 294 -2.43569e-05 295 -2.43569e-05 296 -2.43569e-05 297 -2.43569e-05 298 -2.43569e-05 299 -2.43569e-05 300 -2.43569e-05 301 -2.43569e-05 302 -2.43569e-05 303 -2.43569e-05 304 -2.43569e-05 305 -2.43569e-05 306 -2.43569e-05 307 -2.43569e-05 308 -2.43569e-05 309 -2.43569e-05 310 -2.43569e-05 311 -2.43569e-05 312 -2.43569e-05
1500.72 12 269 0 270 0 271 0 272 0 273 0 274 0 275 0 276 0 277 0 278 0 279 0 280 0 281 0 282 0 283 0 284 0 285 0 286 0 287 0 288 0 289 0 290 0 291 0 292 0 293 0 294 0 295 0 296 0 297 0 298 0 299 0 300 0 301 0 302 0 303 0 304 0 305 0 306 0 307 0 308 0 309 0 310 0 311 0 312 0
1500.74 12 274 -7.64123e-05 275 -7.64123e-05 276 -7.64123e-05 277 -7.64123e-05 278 -7.64123e-05 279 -7.64123e-05 280 -7.64123e-05 281 -7.64123e-05 282 -7.64123e-05 283 -7.64123e-05 284 -7.64123e-05 285 -7.64123e-05 286 -7.64123e-05 287 -7.64123e-05 288 -7.64123e-05 289 -7.64123e-05 290 -7.64123e-05 291 -7.64123e-05 292 -7.64123e-05 293 -7.64123e-05 294 -7.64123e-05 295 -7.64123e-05 296 -7.64123e-05
1500.75 6 269 -0.000218866 270 -0.000218866 271 -0.000218866 272 -0.000218866 273 -0.000218866 274 -0.000218866 275 -0.000218866 276 -0.000218866 277 -0.000218866 278 -0.000218866 279 -0.000218866 280 -0.000218866 281 -0.000218866 282 -0.000218866 283 -0.000218866 284 -0.000218866 285 -0.000218866 286 -0.000218866 287 -0.000218866 288 -0.000218866 289 -0.000218866 290 -0.000218866 291 -0.000218866 292 -0.000218866 293 -0.000218866 294 -0.000218866 295 -0.000218866 296 -0.000218866 297 -0.000218866 298 -0.000218866 299 -0.000218866 300 -0.000218866 301 -0.000218866 302 -0.000218866 303 -0.000218866 304 -0.000218866 305 -0.000218866 306 -0.000218866 307 -0.000218866 308 -0.000218866 309 -0.000218866 310 -0.000218866 311 -0.000218866 312 -0.000218866
1500.76 20 274 -5.47907e-06 275 -5.47907e-06 276 -5.47907e-06 277 -5.47907e-06 278 -5.47907e-06 279 -5.47907e-06 280 -5.47907e-06 281 -5.47907e-06 282 -5.47907e-06 283 -5.47907e-06 284 -5.47907e-06 285 -5.47907e-06 286 -5.47907e-06 287 -5.47907e-06 288 -5.47907e-06 289 -5.47907e-06 290 -5.47907e-06 291 -5.47907e-06 292 -5.47907e-06 293 -5.47907e-06 294 -5.47907e-06 295 -5.47907e-06 296 -5.47907e-06
1500.78 20 269 -6.30296e-07 270 -6.30296e-07 271 -6.30296e-07 272 -6.30296e-07 273 -6.30296e-07 274 -6.30296e-07 275 -6.30296e-07 276 -6.30296e-07 277 -6.30296e-07 278 -6.30296e-07 279 -6.30296e-07 280 -6.30296e-07 281 -6.30296e-07 282 -6.30296e-07 283 -6.30296e-07 284 -6.30296e-07 285 -6.30296e-07 286 -6.30296e-07 287 -6.30296e-07 288 -6.30296e-07 289 -6.30296e-07 290 -6.30296e-07 291 -6.30296e-07 292 -6.30296e-07 293 -6.30296e-07 294 -6.30296e-07 295 -6.30296e-07 296 -6.30296e-07 297 -6.30296e-07 298 -6.30296e-07 299 -6.30296e-07 300 -6.30296e-07 301 -6.30296e-07 302 -6.30296e-07 303 -6.30296e-07 304 -6.30296e-07 305 -6.30296e-07 306 -6.30296e-07 307 -6.30296e-07 308 -6.30296e-07 309 -6.30296e-07 310 -6.30296e-07 311 -6.30296e-07 312 -6.30296e-07
1500.79 20 274 -5.49643e-06 275 -5.49643e-06 276 -5.49643e-06 277 -5.49643e-06 278 -5.49643e-06 279 -5.49643e-06 280 -5.49643e-06 281 -5.49643e-06 282 -5.49643e-06 283 -5.49643e-06 284 -5.49643e-06 285 -5.49643e-06 286 -5.49643e-06 287 -5.49643e-06 288 -5.49643e-06 289 -5.49643e-06 290 -5.49643e-06 291 -5.49643e-06 292 -5.49643e-06 293 -5.49643e-06 294 -5.49643e-06 295 -5.49643e-06 296 -5.49643e-06
1500.83 12 269 0 270 0 271 0 272 0 273 0 274 0 275 0 276 0 277 0 278 0 279 0 280 0 281 0 282 0 283 0 284 0 285 0 286 0 287 0 288 0 289 0 290 0 291 0 292 0 293 0 294 0 295 0 296 0 297 0 298 0 299 0 300 0 301 0 302 0 303 0 304 0 305 0 306 0 307 0 308 0 309 0 310 0 311 0 312 0
1500.85 12 269 -1.1375e-05 270 -1.1375e-05 271 -1.1375e-05 272 -1.1375e-05 273 -1.1375e-05 274 -1.1375e-05 275 -1.1375e-05 276 -1.1375e-05 277 -1.1375e-05 278 -1.1375e-05 279 -1.1375e-05 280 -1.1375e-05 281 -1.1375e-05 282 -1.1375e-05 283 -1.1375e-05 284 -1.1375e-05 285 -1.1375e-05 286 -1.1375e-05 287 -1.1375e-05 288 -1.1375e-05 289 -1.1375e-05 290 -1.1375e-05 291 -1.1375e-05 292 -1.1375e-05 293 -1.1375e-05 294 -1.1375e-05 295 -1.1375e-05 296 -1.1375e-05 297 -1.1375e-05 298 -1.1375e-05 299 -1.1375e-05 300 -1.1375e-05 301 -1.1375e-05 302 -1.1375e-05 303 -1.1375e-05 304 -1.1375e-05 305 -1.1375e-05 306 -1.1375e-05 307 -1.1375e-05 308 -1.1375e-05 309 -1.1375e-05 310 -1.1375e-05 311 -1.1375e-05 312 -1.1375e-05
1500.86 14 274 0.000514611 275 0.000514611 276 0.000514611 277 0.000514611 278 0.000514611 279 0.000514611 280 0.000514611 281 0.000514611 282 0.000514611 283 0.000514611 284 0.000514611 285 0.000514611
1500.88 12 269 -1.14491e-05 270 -1.14491e-05 271 -1.14491e-05 272 -1.14491e-05 273 -1.14491e-05 274 -1.14491e-05 275 -1.14491e-05 276 -1.14491e-05 277 -1.14491e-05 278 -1.14491e-05 279 -1.14491e-05 280 -1.14491e-05 281 -1.14491e-05 282 -1.14491e-05 283 -1.14491e-05 284 -1.14491e-05 285 -1.14491e-05 286 -1.14491e-05 287 -1.14491e-05 288 -1.14491e-05 289 -1.14491e-05 290 -1.14491e-05 291 -1.14491e-05 292 -1.14491e-05 293 -1.14491e-05 294 -1.14491e-05 295 -1.14491e-05 296 -1.14491e-05 297 -1.14491e-05 298 -1.14491e-05 299 -1.14491e-05 300 -1.14491e-05 301 -1.14491e-05 302 -1.14491e-05 303 -1.14491e-05 304 -1.14491e-05 305 -1.14491e-05 306 -1.14491e-05 307 -1.14491e-05 308 -1.14491e-05 309 -1.14491e-05 310 -1.14491e-05 311 -1.14491e-05 312 -1.14491e-05
1500.89 14 319 0.0760047
1500.92 12 269 0 270 0 271 0 272 0 273 0 274 0 275 0 276 0 277 0 278 0 279 0 280 0 281 0 282 0 283 0 284 0 285 0 286 0 287 0 288 0 289 0 290 0 291 0 292 0 293 0 294 0 295 0 296 0 297 0 298 0 299 0 300 0 301 0 302 0 303 0 304 0 305 0 306 0 307 0 308 0 309 0 310 0 311 0 312 0
1500.94 12 304 -0.0021373 305 -0.0021373 306 -0.0021373 307 -0.0021373 308 -0.0021373
1500.95 9 272 0.00550047 273 0.00550047 274 0.00550047
1500.98 14 269 1.11625e-05 270 1.11625e-05 271 1.11625e-05 272 1.11625e-05 273 1.11625e-05 274 1.11625e-05 275 1.11625e-05 276 1.11625e-05 277 1.11625e-05 278 1.11625e-05 279 1.11625e-05 280 1.11625e-05 281 1.11625e-05 282 1.11625e-05 283 1.11625e-05 284 1.11625e-05 285 1.11625e-05 286 1.11625e-05 287 1.11625e-05 288 1.11625e-05 289 1.11625e-05 290 1.11625e-05 291 1.11625e-05 292 1.11625e-05 293 1.11625e-05 294 1.11625e-05 295 1.11625e-05 296 1.11625e-05 297 1.11625e-05 298 1.11625e-05 299 1.11625e-05 300 1.11625e-05 301 1.11625e-05 302 1.11625e-05 303 1.11625e-05 304 1.11625e-05 305 1.11625e-05 306 1.11625e-05 307 1.11625e-05 308 1.11625e-05 309 1.11625e-05 310 1.11625e-05 311 1.11625e-05 312 1.11625e-05
1500.99 14 137 -0.295308
1501.01 14 269 1.12399e-05 270 1.12399e-05 271 1.12399e-05 272 1.12399e-05 273 1.12399e-05 274 1.12399e-05 275 1.12399e-05 276 1.12399e-05 277 1.12399e-05 278 1.12399e-05 279 1.12399e-05 280 1.12399e-05 281 1.12399e-05 282 1.12399e-05 283 1.12399e-05 284 1.12399e-05 285 1.12399e-05 286 1.12399e-05 287 1.12399e-05 288 1.12399e-05 289 1.12399e-05 290 1.12399e-05 291 1.12399e-05 292 1.12399e-05 293 1.12399e-05 294 1.12399e-05 295 1.12399e-05 296 1.12399e-05 297 1.12399e-05 298 1.12399e-05 299 1.12399e-05 300 1.12399e-05 301 1.12399e-05 302 1.12399e-05 303 1.12399e-05 304 1.12399e-05 305 1.12399e-05 306 1.12399e-05 307 1.12399e-05 308 1.12399e-05 309 1.12399e-05 310 1.12399e-05 311 1.12399e-05 312 1.12399e-05
1501.02 20 269 -6.18111e-07 270 -6.18111e-07 271 -6.18111e-07 272 -6.18111e-07 273 -6.18111e-07 274 -6.18111e-07 275 -6.18111e-07 276 -6.18111e-07 277 -6.18111e-07 278 -6.18111e-07 279 -6.18111e-07 280 -6.18111e-07 281 -6.18111e-07 282 -6.18111e-07 283 -6.18111e-07 284 -6.18111e-07 285 -6.18111e-07 286 -6.18111e-07 287 -6.18111e-07 288 -6.18111e-07 289 -6.18111e-07 290 -6.18111e-07 291 -6.18111e-07 292 -6.18111e-07 293 -6.18111e-07 294 -6.18111e-07 295 -6.18111e-07 296 -6.18111e-07 297 -6.18111e-07 298 -6.18111e-07 299 -6.18111e-07 300 -6.18111e-07 301 -6.18111e-07 302 -6.18111e-07 303 -6.18111e-07 304 -6.18111e-07 305 -6.18111e-07 306 -6.18111e-07 307 -6.18111e-07 308 -6.18111e-07 309 -6.18111e-07 310 -6.18111e-07 311 -6.18111e-07 312 -6.18111e-07
1501.03 14 278 0 279 0 280 0 281 0 282 0 283 0 284 0 285 0 286 0 287 0 288 0 289 0 290 0 291 0 292 0 293 0 294 0 295 0 296 0
1501.05 14 274 0.00832137 275 0.00832137
1501.07 20 310 -1.59535e-05 311 -1.59535e-05 312 -1.59535e-05 313 -1.59535e-05 314 -1.59535e-05 315 -1.59535e-05 316 -1.59535e-05 317 -1.59535e-05 318 -1.59535e-05 319 -1.59535e-05 320 -1.59535e-05 321 -1.59535e-05 322 -1.59535e-05
1501.14 12 309 -0.00015773 310 -0.00015773 311 -0.00015773 312 -0.00015773 313 -0.00015773 314 -0.00015773 315 -0.00015773 316 -0.00015773 317 -0.00015773 318 -0.00015773 319 -0.00015773 320 -0.00015773 321 -0.00015773 322 -0.00015773
1501.15 14 286 -0.0824528 287 -0.0824528 288 -0.0824528 289 -0.0824528 290 -0.0824528 291 -0.0824528 292 -0.0824528 293 -0.0824528 294 -0.0824528 295 -0.0824528 296 -0.0824528 297 -0.0824528 298 -0.0824528 299 -0.0824528 300 -0.0824528 301 -0.0824528 302 -0.0824528
1501.17 20 274 -5.55652e-06 275 -5.55652e-06 276 -5.55652e-06 277 -5.55652e-06 278 -5.55652e-06 279 -5.55652e-06 280 -5.55652e-06 281 -5.55652e-06 282 -5.55652e-06 283 -5.55652e-06 284 -5.55652e-06 285 -5.55652e-06 286 -5.55652e-06 287 -5.55652e-06 288 -5.55652e-06 289 -5.55652e-06 290 -5.55652e-06 291 -5.55652e-06 292 -5.55652e-06 293 -5.55652e-06 294 -5.55652e-06 295 -5.55652e-06 296 -5.55652e-06
1501.19 14 309 0.000162163 310 0.000162163 311 0.000162163 312 0.000162163 313 0.000162163 314 0.000162163 315 0.000162163 316 0.000162163 317 0.000162163 318 0.000162163 319 0.000162163 320 0.000162163 321 0.000162163 322 0.000162163
1501.21 14 280 0.0259508 281 0.0259508 282 0.0259508
1501.22 20 269 0 270 0 271 0 272 0 273 0 274 0 275 0 276 0 277 0 278 0 279 0 280 0 281 0 282 0 283 0 284 0 285 0 286 0 287 0 288 0 289 0 290 0 291 0 292 0 293 0 294 0 295 0 296 0 297 0 298 0 299 0 300 0 301 0 302 0 303 0 304 0 305 0 306 0 307 0 308 0 309 0 310 0 311 0 312 0
1501.24 12 269 -1.35642e-05 270 -1.35642e-05 271 -1.35642e-05 272 -1.35642e-05 273 -1.35642e-05 274 -1.35642e-05 275 -1.35642e-05 276 -1.35642e-05 277 -1.35642e-05 278 -1.35642e-05 279 -1.35642e-05 280 -1.35642e-05 281 -1.35642e-05 282 -1.35642e-05 283 -1.35642e-05 284 -1.35642e-05 285 -1.35642e-05 286 -1.35642e-05 287 -1.35642e-05 288 -1.35642e-05 289 -1.35642e-05 290 -1.35642e-05 291 -1.35642e-05 292 -1.35642e-05 293 -1.35642e-05 294 -1.35642e-05 295 -1.35642e-05 296 -1.35642e-05 297 -1.35642e-05 298 -1.35642e-05 299 -1.35642e-05 300 -1.35642e-05 301 -1.35642e-05 302 -1.35642e-05 303 -1.35642e-05 304 -1.35642e-05 305 -1.35642e-05 306 -1.35642e-05 307 -1.35642e-05 308 -1.35642e-05 309 -1.35642e-05 310 -1.35642e-05 311 -1.35642e-05 312 -1.35642e-05
1501.27 14 309 0.000162121 310 0.000162121 311 0.000162121 312 0.000162121 313 0.000162121 314 0.000162121 315 0.000162121 316 0.000162121 317 0.000162121 318 0.000162121 319 0.000162121 320 0.000162121 321 0.000162121 322 0.000162121
1501.29 14 269 0 270 0 271 0 272 0 273 0 274 0 275 0 276 0 277 0 278 0 279 0 280 0 281 0 282 0 283 0 284 0 285 0 286 0 287 0 288 0 289 0 290 0 291 0 292 0 293 0 294 0 295 0 296 0 297 0 298 0 299 0 300 0 301 0 302 0 303 0 304 0 305 0 306 0 307 0 308 0 309 0 310 0 311 0 312 0
1501.3 20 269 0 270 0 271 0 272 0 273 0 274 0 275 0 276 0 277 0 278 0 279 0 280 0 281 0 282 0 283 0 284 0 285 0 286 0 287 0 288 0 289 0 290 0 291 0 292 0 293 0 294 0 295 0 296 0 297 0 298 0 299 0 300 0 301 0 302 0 303 0 304 0 305 0 306 0 307 0 308 0 309 0 310 0 311 0 312 0
1501.31 20 274 -4.73257e-05 275 -4.73257e-05 276 -4.73257e-05 277 -4.73257e-05 278 -4.73257e-05 279 -4.73257e-05 280 -4.73257e-05 281 -4.73257e-05 282 -4.73257e-05 283 -4.73257e-05 284 -4.73257e-05 285 -4.73257e-05 286 -4.73257e-05
1501.32 12 278 -0.000127249 279 -0.000127249 280 -0.000127249 281 -0.000127249 282 -0.000127249 283 -0.000127249 284 -0.000127249 285 -0.000127249 286 -0.000127249 287 -0.000127249 288 -0.000127249 289 -0.000127249 290 -0.000127249 291 -0.000127249 292 -0.000127249 293 -0.000127249 294 -0.000127249 295 -0.000127249 296 -0.000127249
1501.34 14 278 0.000127249 279 0.000127249 280 0.000127249 281 0.000127249 282 0.000127249 283 0.000127249 284 0.000127249 285 0.000127249 286 0.000127249 287 0.000127249 288 0.000127249 289 0.000127249 290 0.000127249 291 0.000127249 292 0.000127249 293 0.000127249 294 0.000127249 295 0.000127249 296 0.000127249
1501.39 12 309 0 310 0 311 0 312 0 313 0 314 0 315 0 316 0 317 0 318 0 319 0 320 0 321 0 322 0
1501.4 12 269 -1.4573e-05 270 -1.4573e-05 271 -1.4573e-05 272 -1.4573e-05 273 -1.4573e-05 274 -1.4573e-05 275 -1.4573e-05 276 -1.4573e-05 277 -1.4573e-05 278 -1.4573e-05 279 -1.4573e-05 280 -1.4573e-05 281 -1.4573e-05 282 -1.4573e-05 283 -1.4573e-05 284 -1.4573e-05 285 -1.4573e-05 286 -1.4573e-05 287 -1.4573e-05 288 -1.4573e-05 289 -1.4573e-05 290 -1.4573e-05 291 -1.4573e-05 292 -1.4573e-05 293 -1.4573e-05 294 -1.4573e-05 295 -1.4573e-05 296 -1.4573e-05 297 -1.4573e-05 298 -1.4573e-05 299 -1.4573e-05 300 -1.4573e-05 301 -1.4573e-05 302 -1.4573e-05 303 -1.4573e-05 304 -1.4573e-05 305 -1.4573e-05 306 -1.4573e-05 307 -1.4573e-05 308 -1.4573e-05 309 -1.4573e-05 310 -1.4573e-05 311 -1.4573e-05 312 -1.4573e-05
1501.41 20 309 0 310 0 311 0 312 0 313 0 314 0 315 0 316 0 317 0 318 0 319 0 320 0 321 0 322 0
1501.42 20 286 -1.04978e-05 287 -1.04978e-05 288 -1.04978e-05 289 -1.04978e-05 290 -1.04978e-05 291 -1.04978e-05 292 -1.04978e-05 293 -1.04978e-05 294 -1.04978e-05 295 -1.04978e-05 296 -1.04978e-05 297 -1.04978e-05 298 -1.04978e-05 299 -1.04978e-05 300 -1.04978e-05 301 -1.04978e-05 302 -1.04978e-05
1501.43 20 286 -1.04789e-05 287 -1.04789e-05 288 -1.04789e-05 289 -1.04789e-05 290 -1.04789e-05 291 -1.04789e-05 292 -1.04789e-05 293 -1.04789e-05 294 -1.04789e-05 295 -1.04789e-05 296 -1.04789e-05 297 -1.04789e-05 298 -1.04789e-05 299 -1.04789e-05 300 -1.04789e-05 301 -1.04789e-05 302 -1.04789e-05
1501.45 20 278 -7.80282e-06 279 -7.80282e-06 280 -7.80282e-06 281 -7.80282e-06 282 -7.80282e-06 283 -7.80282e-06 284 -7.80282e-06 285 -7.80282e-06 286 -7.80282e-06 287 -7.80282e-06 288 -7.80282e-06 289 -7.80282e-06 290 -7.80282e-06 291 -7.80282e-06 292 -7.80282e-06 293 -7.80282e-06 294 -7.80282e-06 295 -7.80282e-06 296 -7.80282e-06
1501.46 20 269 -7.48541e-07 270 -7.48541e-07 271 -7.48541e-07 272 -7.48541e-07 273 -7.48541e-07 274 -7.48541e-07 275 -7.48541e-07 276 -7.48541e-07 277 -7.48541e-07 278 -7.48541e-07 279 -7.48541e-07 280 -7.48541e-07 281 -7.48541e-07 282 -7.48541e-07 283 -7.48541e-07 284 -7.48541e-07 285 -7.48541e-07 286 -7.48541e-07 287 -7.48541e-07 288 -7.48541e-07 289 -7.48541e-07 290 -7.48541e-07 291 -7.48541e-07 292 -7.48541e-07 293 -7.48541e-07 294 -7.48541e-07 295 -7.48541e-07 296 -7.48541e-07 297 -7.48541e-07 298 -7.48541e-07 299 -7.48541e-07 300 -7.48541e-07 301 -7.48541e-07 302 -7.48541e-07 303 -7.48541e-07 304 -7.48541e-07 305 -7.48541e-07 306 -7.48541e-07 307 -7.48541e-07 308 -7.48541e-07 309 -7.48541e-07 310 -7.48541e-07 311 -7.48541e-07 312 -7.48541e-07
1501.48 20 269 -7.48235e-07 270 -7.48235e-07 271 -7.48235e-07 272 -7.48235e-07 273 -7.48235e-07 274 -7.48235e-07 275 -7.48235e-07 276 -7.48235e-07 277 -7.48235e-07 278 -7.48235e-07 279 -7.48235e-07 280 -7.48235e-07 281 -7.48235e-07 282 -7.48235e-07 283 -7.48235e-07 284 -7.48235e-07 285 -7.48235e-07 286 -7.48235e-07 287 -7.48235e-07 288 -7.48235e-07 289 -7.48235e-07 290 -7.48235e-07 291 -7.48235e-07 292 -7.48235e-07 293 -7.48235e-07 294 -7.48235e-07 295 -7.48235e-07 296 -7.48235e-07 297 -7.48235e-07 298 -7.48235e-07 299 -7.48235e-07 300 -7.48235e-07 301 -7.48235e-07 302 -7.48235e-07 303 -7.48235e-07 304 -7.48235e-07 305 -7.48235e-07 306 -7.48235e-07 307 -7.48235e-07 308 -7.48235e-07 309 -7.48235e-07 310 -7.48235e-07 311 -7.48235e-07 312 -7.48235e-07
1501.49 20 278 -7.72924e-06 279 -7.72924e-06 280 -7.72924e-06 281 -7.72924e-06 282 -7.72924e-06 283 -7.72924e-06 284 -7.72924e-06 285 -7.72924e-06 286 -7.72924e-06 287 -7.72924e-06 288 -7.72924e-06 289 -7.72924e-06 290 -7.72924e-06 291 -7.72924e-06 292 -7.72924e-06 293 -7.72924e-06 294 -7.72924e-06 295 -7.72924e-06 296 -7.72924e-06
1501.5 9 286 3.17864e-05 287 3.17864e-05 288 3.17864e-05 289 3.17864e-05 290 3.17864e-05 291 3.17864e-05 292 3.17864e-05 293 3.17864e-05 294 3.17864e-05 295 3.17864e-05 296 3.17864e-05 297 3.17864e-05 298 3.17864e-05 299 3.17864e-05 300 3.17864e-05 301 3.17864e-05 302 3.17864e-05
1501.52 14 275 0.000517577 276 0.000517577 277 0.000517577 278 0.000517577 279 0.000517577 280 0.000517577 281 0.000517577 282 0.000517577 283 0.000517577 284 0.000517577 285 0.000517577 286 0.000517577 287 0.000517577
1501.53 14 278 -0.0787841 279 -0.0787841 280 -0.0787841 281 -0.0787841 282 -0.0787841 283 -0.0787841 284 -0.0787841 285 -0.0787841 286 -0.0787841 287 -0.0787841 288 -0.0787841 289 -0.0787841 290 -0.0787841 291 -0.0787841 292 -0.0787841 293 -0.0787841 294 -0.0787841 295 -0.0787841 296 -0.0787841 297 -0.0787841 298 -0.0787841
1501.55 20 286 -1.05764e-05 287 -1.05764e-05 288 -1.05764e-05 289 -1.05764e-05 290 -1.05764e-05 291 -1.05764e-05 292 -1.05764e-05 293 -1.05764e-05 294 -1.05764e-05 295 -1.05764e-05 296 -1.05764e-05 297 -1.05764e-05 298 -1.05764e-05 299 -1.05764e-05 300 -1.05764e-05 301 -1.05764e-05 302 -1.05764e-05
1501.56 14 286 0.000188036 287 0.000188036 288 0.000188036 289 0.000188036 290 0.000188036 291 0.000188036 292 0.000188036 293 0.000188036 294 0.000188036 295 0.000188036 296 0.000188036 297 0.000188036 298 0.000188036 299 0.000188036 300 0.000188036 301 0.000188036 302 0.000188036
1501.57 20 286 -1.06436e-05 287 -1.06436e-05 288 -1.06436e-05 289 -1.06436e-05 290 -1.06436e-05 291 -1.06436e-05 292 -1.06436e-05 293 -1.06436e-05 294 -1.06436e-05 295 -1.06436e-05 296 -1.06436e-05 297 -1.06436e-05 298 -1.06436e-05 299 -1.06436e-05 300 -1.06436e-05 301 -1.06436e-05 302 -1.06436e-05
1501.59 12 269 0 270 0 271 0 272 0 273 0 274 0 275 0 276 0 277 0 278 0 279 0 280 0 281 0 282 0 283 0 284 0 285 0 286 0 287 0 288 0 289 0 290 0 291 0 292 0 293 0 294 0 295 0 296 0 297 0 298 0 299 0 300 0 301 0 302 0 303 0 304 0 305 0 306 0 307 0 308 0 309 0 310 0 311 0 312 0
1501.6 25 269 0 270 0 271 0 272 0 273 0 274 0 275 0 276 0 277 0 278 0 279 0 280 0 281 0 282 0 283 0 284 0 285 0 286 0 287 0 288 0 289 0 290 0 291 0 292 0 293 0 294 0 295 0 296 0 297 0 298 0 299 0 300 0 301 0 302 0 303 0 304 0 305 0 306 0 307 0 308 0 309 0 310 0 311 0 312 0
1501.61 20 269 -7.51999e-07 270 -7.51999e-07 271 -7.51999e-07 272 -7.51999e-07 273 -7.51999e-07 274 -7.51999e-07 275 -7.51999e-07 276 -7.51999e-07 277 -7.51999e-07 278 -7.51999e-07 279 -7.51999e-07 280 -7.51999e-07 281 -7.51999e-07 282 -7.51999e-07 283 -7.51999e-07 284 -7.51999e-07 285 -7.51999e-07 286 -7.51999e-07 287 -7.51999e-07 288 -7.51999e-07 289 -7.51999e-07 290 -7.51999e-07 291 -7.51999e-07 292 -7.51999e-07 293 -7.51999e-07 294 -7.51999e-07 295 -7.51999e-07 296 -7.51999e-07 297 -7.51999e-07 298 -7.51999e-07 299 -7.51999e-07 300 -7.51999e-07 301 -7.51999e-07 302 -7.51999e-07 303 -7.51999e-07 304 -7.51999e-07 305 -7.51999e-07 306 -7.51999e-07 307 -7.51999e-07 308 -7.51999e-07 309 -7.51999e-07 310 -7.51999e-07 311 -7.51999e-07 312 -7.51999e-07
1501.68 20 286 -1.05485e-05 287 -1.05485e-05 288 -1.05485e-05 289 -1.05485e-05 290 -1.05485e-05 291 -1.05485e-05 292 -1.05485e-05 293 -1.05485e-05 294 -1.05485e-05 295 -1.05485e-05 296 -1.05485e-05 297 -1.05485e-05 298 -1.05485e-05 299 -1.05485e-05 300 -1.05485e-05 301 -1.05485e-05 302 -1.05485e-05
1501.69 14 297 -0.181934 298 -0.181934
1501.73 20 278 -7.49533e-06 279 -7.49533e-06 280 -7.49533e-06 281 -7.49533e-06 282 -7.49533e-06 283 -7.49533e-06 284 -7.49533e-06 285 -7.49533e-06 286 -7.49533e-06 287 -7.49533e-06 288 -7.49533e-06 289 -7.49533e-06 290 -7.49533e-06 291 -7.49533e-06 292 -7.49533e-06 293 -7.49533e-06 294 -7.49533e-06 295 -7.49533e-06 296 -7.49533e-06 297 -7.49533e-06 298 -7.49533e-06
1501.76 20 269 -7.33866e-07 270 -7.33866e-07 271 -7.33866e-07 272 -7.33866e-07 273 -7.33866e-07 274 -7.33866e-07 275 -7.33866e-07 276 -7.33866e-07 277 -7.33866e-07 278 -7.33866e-07 279 -7.33866e-07 280 -7.33866e-07 281 -7.33866e-07 282 -7.33866e-07 283 -7.33866e-07 284 -7.33866e-07 285 -7.33866e-07 286 -7.33866e-07 287 -7.33866e-07 288 -7.33866e-07 289 -7.33866e-07 290 -7.33866e-07 291 -7.33866e-07 292 -7.33866e-07 293 -7.33866e-07 294 -7.33866e-07 295 -7.33866e-07 296 -7.33866e-07 297 -7.33866e-07 298 -7.33866e-07 299 -7.33866e-07 300 -7.33866e-07 301 -7.33866e-07 302 -7.33866e-07 303 -7.33866e-07 304 -7.33866e-07 305 -7.33866e-07 306 -7.33866e-07 307 -7.33866e-07 308 -7.33866e-07 309 -7.33866e-07 310 -7.33866e-07 311 -7.33866e-07 312 -7.33866e-07
1501.77 6 295 0
1501.79 14 276 0.000695943 277 0.000695943 278 0.000695943 279 0.000695943 280 0.000695943 281 0.000695943 282 0.000695943 283 0.000695943 284 0.000695943 285 0.000695943 286 0.000695943 287 0.000695943 288 0.000695943
1501.84 25 345 -0.0485877
1501.85 20 269 -7.29866e-07 270 -7.29866e-07 271 -7.29866e-07 272 -7.29866e-07 273 -7.29866e-07 274 -7.29866e-07 275 -7.29866e-07 276 -7.29866e-07 277 -7.29866e-07 278 -7.29866e-07 279 -7.29866e-07 280 -7.29866e-07 281 -7.29866e-07 282 -7.29866e-07 283 -7.29866e-07 284 -7.29866e-07 285 -7.29866e-07 286 -7.29866e-07 287 -7.29866e-07 288 -7.29866e-07 289 -7.29866e-07 290 -7.29866e-07 291 -7.29866e-07 292 -7.29866e-07 293 -7.29866e-07 294 -7.29866e-07 295 -7.29866e-07 296 -7.29866e-07 297 -7.29866e-07 298 -7.29866e-07 299 -7.29866e-07 300 -7.29866e-07 301 -7.29866e-07 302 -7.29866e-07 303 -7.29866e-07 304 -7.29866e-07 305 -7.29866e-07 306 -7.29866e-07 307 -7.29866e-07 308 -7.29866e-07 309 -7.29866e-07 310 -7.29866e-07 311 -7.29866e-07 312 -7.29866e-07
1501.86 14 269 -0.0617012 270 -0.0617012 271 -0.0617012 272 -0.0617012 273 -0.0617012 274 -0.0617012 275 -0.0617012 276 -0.0617012 277 -0.0617012 278 -0.0617012 279 -0.0617012 280 -0.0617012 281 -0.0617012 282 -0.0617012 283 -0.0617012 284 -0.0617012 285 -0.0617012 286 -0.0617012 287 -0.0617012 288 -0.0617012 289 -0.0617012 290 -0.0617012 291 -0.0617012 292 -0.0617012 293 -0.0617012 294 -0.0617012 295 -0.0617012 296 -0.0617012 297 -0.0617012 298 -0.0617012 299 -0.0617012 300 -0.0617012 301 -0.0617012 302 -0.0617012 303 -0.0617012 304 -0.0617012 305 -0.0617012 306 -0.0617012 307 -0.0617012 308 -0.0617012 309 -0.0617012 310 -0.0617012 311 -0.0617012 312 -0.0617012
1501.87 20 76 -0.128687
1501.88 20 269 -7.26119e-07 270 -7.26119e-07 271 -7.26119e-07 272 -7.26119e-07 273 -7.26119e-07 274 -7.26119e-07 275 -7.26119e-07 276 -7.26119e-07 277 -7.26119e-07 278 -7.26119e-07 279 -7.26119e-07 280 -7.26119e-07 281 -7.26119e-07 282 -7.26119e-07 283 -7.26119e-07 284 -7.26119e-07 285 -7.26119e-07 286 -7.26119e-07 287 -7.26119e-07 288 -7.26119e-07 289 -7.26119e-07 290 -7.26119e-07 291 -7.26119e-07 292 -7.26119e-07 293 -7.26119e-07 294 -7.26119e-07 295 -7.26119e-07 296 -7.26119e-07 297 -7.26119e-07 298 -7.26119e-07 299 -7.26119e-07 300 -7.26119e-07 301 -7.26119e-07 302 -7.26119e-07 303 -7.26119e-07 304 -7.26119e-07 305 -7.26119e-07 306 -7.26119e-07 307 -7.26119e-07 308 -7.26119e-07 309 -7.26119e-07 310 -7.26119e-07 311 -7.26119e-07 312 -7.26119e-07
1501.9 14 269 1.37431e-05 270 1.37431e-05 271 1.37431e-05 272 1.37431e-05 273 1.37431e-05 274 1.37431e-05 275 1.37431e-05 276 1.37431e-05 277 1.37431e-05 278 1.37431e-05 279 1.37431e-05 280 1.37431e-05 281 1.37431e-05 282 1.37431e-05 283 1.37431e-05 284 1.37431e-05 285 1.37431e-05 286 1.37431e-05 287 1.37431e-05 288 1.37431e-05 289 1.37431e-05 290 1.37431e-05 291 1.37431e-05 292 1.37431e-05 293 1.37431e-05 294 1.37431e-05 295 1.37431e-05 296 1.37431e-05 297 1.37431e-05 298 1.37431e-05 299 1.37431e-05 300 1.37431e-05 301 1.37431e-05 302 1.37431e-05 303 1.37431e-05 304 1.37431e-05 305 1.37431e-05 306 1.37431e-05 307 1.37431e-05 308 1.37431e-05 309 1.37431e-05 310 1.37431e-05 311 1.37431e-05 312 1.37431e-05
1501.91 20 269 -7.24902e-07 270 -7.24902e-07 271 -7.24902e-07 272 -7.24902e-07 273 -7.24902e-07 274 -7.24902e-07 275 -7.24902e-07 276 -7.24902e-07 277 -7.24902e-07 278 -7.24902e-07 279 -7.24902e-07 280 -7.24902e-07 281 -7.24902e-07 282 -7.24902e-07 283 -7.24902e-07 284 -7.24902e-07 285 -7.24902e-07 286 -7.24902e-07 287 -7.24902e-07 288 -7.24902e-07 289 -7.24902e-07 290 -7.24902e-07 291 -7.24902e-07 292 -7.24902e-07 293 -7.24902e-07 294 -7.24902e-07 295 -7.24902e-07 296 -7.24902e-07 297 -7.24902e-07 298 -7.24902e-07 299 -7.24902e-07 300 -7.24902e-07 301 -7.24902e-07 302 -7.24902e-07 303 -7.24902e-07 304 -7.24902e-07 305 -7.24902e-07 306 -7.24902e-07 307 -7.24902e-07 308 -7.24902e-07 309 -7.24902e-07 310 -7.24902e-07 311 -7.24902e-07 312 -7.24902e-07
1501.96 14 278 0.000123927 279 0.000123927 280 0.000123927 281 0.000123927 282 0.000123927 283 0.000123927 284 0.000123927 285 0.000123927 286 0.000123927 287 0.000123927 288 0.000123927 289 0.000123927 290 0.000123927 291 0.000123927 292 0.000123927 293 0.000123927 294 0.000123927 295 0.000123927 296 0.000123927 297 0.000123927 298 0.000123927
1501.97 31 278 7.57523e-06 279 7.57523e-06 280 7.57523e-06 281 7.57523e-06 282 7.57523e-06 283 7.57523e-06 284 7.57523e-06 285 7.57523e-06 286 7.57523e-06 287 7.57523e-06 288 7.57523e-06 289 7.57523e-06 290 7.57523e-06 291 7.57523e-06 292 7.57523e-06 293 7.57523e-06 294 7.57523e-06 295 7.57523e-06 296 7.57523e-06 297 7.57523e-06 298 7.57523e-06
1501.98 20 269 0 270 0 271 0 272 0 273 0 274 0 275 0 276 0 277 0 278 0 279 0 280 0 281 0 282 0 283 0 284 0 285 0 286 0 287 0 288 0 289 0 290 0 291 0 292 0 293 0 294 0 295 0 296 0 297 0 298 0 299 0 300 0 301 0 302 0 303 0 304 0 305 0 306 0 307 0 308 0 309 0 310 0 311 0 312 0
1501.99 20 311 -1.94112e-05 312 -1.94112e-05 313 -1.94112e-05 314 -1.94112e-05 315 -1.94112e-05 316 -1.94112e-05 317 -1.94112e-05 318 -1.94112e-05 319 -1.94112e-05 320 -1.94112e-05 321 -1.94112e-05 322 -1.94112e-05 323 -1.94112e-05
1502.02 20 269 -7.22926e-07 270 -7.22926e-07 271 -7.22926e-07 272 -7.22926e-07 273 -7.22926e-07 274 -7.22926e-07 275 -7.22926e-07 276 -7.22926e-07 277 -7.22926e-07 278 -7.22926e-07 279 -7.22926e-07 280 -7.22926e-07 281 -7.22926e-07 282 -7.22926e-07 283 -7.22926e-07 284 -7.22926e-07 285 -7.22926e-07 286 -7.22926e-07 287 -7.22926e-07 288 -7.22926e-07 289 -7.22926e-07 290 -7.22926e-07 291 -7.22926e-07 292 -7.22926e-07 293 -7.22926e-07 294 -7.22926e-07 295 -7.22926e-07 296 -7.22926e-07 297 -7.22926e-07 298 -7.22926e-07 299 -7.22926e-07 300 -7.22926e-07 301 -7.22926e-07 302 -7.22926e-07 303 -7.22926e-07 304 -7.22926e-07 305 -7.22926e-07 306 -7.22926e-07 307 -7.22926e-07 308 -7.22926e-07 309 -7.22926e-07 310 -7.22926e-07 311 -7.22926e-07 312 -7.22926e-07
1502.04 25 269 0 270 0 271 0 272 0 273 0 274 0 275 0 276 0 277 0 278 0 279 0 280 0 281 0 282 0 283 0 284 0 285 0 286 0 287 0 288 0 289 0 290 0 291 0 292 0 293 0 294 0 295 0 296 0 297 0 298 0 299 0 300 0 301 0 302 0 303 0 304 0 305 0 306 0 307 0 308 0 309 0 310 0 311 0 312 0
1502.05 20 269 -7.38566e-07 270 -7.38566e-07 271 -7.38566e-07 272 -7.38566e-07 273 -7.38566e-07 274 -7.38566e-07 275 -7.38566e-07 276 -7.38566e-07 277 -7.38566e-07 278 -7.38566e-07 279 -7.38566e-07 280 -7.38566e-07 281 -7.38566e-07 282 -7.38566e-07 283 -7.38566e-07 284 -7.38566e-07 285 -7.38566e-07 286 -7.38566e-07 287 -7.38566e-07 288 -7.38566e-07 289 -7.38566e-07 290 -7.38566e-07 291 -7.38566e-07 292 -7.38566e-07 293 -7.38566e-07 294 -7.38566e-07 295 -7.38566e-07 296 -7.38566e-07 297 -7.38566e-07 298 -7.38566e-07 299 -7.38566e-07 300 -7.38566e-07 301 -7.38566e-07 302 -7.38566e-07 303 -7.38566e-07 304 -7.38566e-07 305 -7.38566e-07 306 -7.38566e-07 307 -7.38566e-07 308 -7.38566e-07 309 -7.38566e-07 310 -7.38566e-07 311 -7.38566e-07 312 -7.38566e-07
1502.07 14 310 0.000148987 311 0.000148987 312 0.000148987 313 0.000148987 314 0.000148987 315 0.000148987 316 0.000148987 317 0.000148987 318 0.000148987 319 0.000148987 320 0.000148987 321 0.000148987 322 0.000148987 323 0.000148987
1502.08 12 286 -0.000214699 287 -0.000214699 288 -0.000214699 289 -0.000214699 290 -0.000214699 291 -0.000214699 292 -0.000214699 293 -0.000214699 294 -0.000214699 295 -0.000214699 296 -0.000214699 297 -0.000214699 298 -0.000214699 299 -0.000214699 300 -0.000214699 301 -0.000214699 302 -0.000214699
1502.1 14 289 -0.295308
1502.11 20 269 -7.39113e-07 270 -7.39113e-07 271 -7.39113e-07 272 -7.39113e-07 273 -7.39113e-07 274 -7.39113e-07 275 -7.39113e-07 276 -7.39113e-07 277 -7.39113e-07 278 -7.39113e-07 279 -7.39113e-07 280 -7.39113e-07 281 -7.39113e-07 282 -7.39113e-07 283 -7.39113e-07 284 -7.39113e-07 285 -7.39113e-07 286 -7.39113e-07 287 -7.39113e-07 288 -7.39113e-07 289 -7.39113e-07 290 -7.39113e-07 291 -7.39113e-07 292 -7.39113e-07 293 -7.39113e-07 294 -7.39113e-07 295 -7.39113e-07 296 -7.39113e-07 297 -7.39113e-07 298 -7.39113e-07 299 -7.39113e-07 300 -7.39113e-07 301 -7.39113e-07 302 -7.39113e-07 303 -7.39113e-07 304 -7.39113e-07 305 -7.39113e-07 306 -7.39113e-07 307 -7.39113e-07 308 -7.39113e-07 309 -7.39113e-07 310 -7.39113e-07 311 -7.39113e-07 312 -7.39113e-07
1502.13 14 269 0 270 0 271 0 272 0 273 0 274 0 275 0 276 0 277 0 278 0 279 0 280 0 281 0 282 0 283 0 284 0 285 0 286 0 287 0 288 0 289 0 290 0 291 0 292 0 293 0 294 0 295 0 296 0 297 0 298 0 299 0 300 0 301 0 302 0 303 0 304 0 305 0 306 0 307 0 308 0 309 0 310 0 311 0 312 0
1502.14 14 269 0 270 0 271 0 272 0 273 0 274 0 275 0 276 0 277 0 278 0 279 0 280 0 281 0 282 0 283 0 284 0 285 0 286 0 287 0 288 0 289 0 290 0 291 0 292 0 293 0 294 0 295 0 296 0 297 0 298 0 299 0 300 0 301 0 302 0 303 0 304 0 305 0 306 0 307 0 308 0 309 0 310 0 311 0 312 0
1502.24 20 269 -7.41689e-07 270 -7.41689e-07 271 -7.41689e-07 272 -7.41689e-07 273 -7.41689e-07 274 -7.41689e-07 275 -7.41689e-07 276 -7.41689e-07 277 -7.41689e-07 278 -7.41689e-07 279 -7.41689e-07 280 -7.41689e-07 281 -7.41689e-07 282 -7.41689e-07 283 -7.41689e-07 284 -7.41689e-07 285 -7.41689e-07 286 -7.41689e-07 287 -7.41689e-07 288 -7.41689e-07 289 -7.41689e-07 290 -7.41689e-07 291 -7.41689e-07 292 -7.41689e-07 293 -7.41689e-07 294 -7.41689e-07 295 -7.41689e-07 296 -7.41689e-07 297 -7.41689e-07 298 -7.41689e-07 299 -7.41689e-07 300 -7.41689e-07 301 -7.41689e-07 302 -7.41689e-07 303 -7.41689e-07 304 -7.41689e-07 305 -7.41689e-07 306 -7.41689e-07 307 -7.41689e-07 308 -7.41689e-07 309 -7.41689e-07 310 -7.41689e-07 311 -7.41689e-07 312 -7.41689e-07
1502.25 12 269 -1.46509e-05 270 -1.46509e-05 271 -1.46509e-05 272 -1.46509e-05 273 -1.46509e-05 274 -1.46509e-05 275 -1.46509e-05 276 -1.46509e-05 277 -1.46509e-05 278 -1.46509e-05 279 -1.46509e-05 280 -1.46509e-05 281 -1.46509e-05 282 -1.46509e-05 283 -1.46509e-05 284 -1.46509e-05 285 -1.46509e-05 286 -1.46509e-05 287 -1.46509e-05 288 -1.46509e-05 289 -1.46509e-05 290 -1.46509e-05 291 -1.46509e-05 292 -1.46509e-05 293 -1.46509e-05 294 -1.46509e-05 295 -1.46509e-05 296 -1.46509e-05 297 -1.46509e-05 298 -1.46509e-05 299 -1.46509e-05 300 -1.46509e-05 301 -1.46509e-05 302 -1.46509e-05 303 -1.46509e-05 304 -1.46509e-05 305 -1.46509e-05 306 -1.46509e-05 307 -1.46509e-05 308 -1.46509e-05 309 -1.46509e-05 310 -1.46509e-05 311 -1.46509e-05 312 -1.46509e-05
1502.26 14 269 1.46558e-05 270 1.46558e-05 271 1.46558e-05 272 1.46558e-05 273 1.46558e-05 274 1.46558e-05 275 1.46558e-05 276 1.46558e-05 277 1.46558e-05 278 1.46558e-05 279 1.46558e-05 280 1.46558e-05 281 1.46558e-05 282 1.46558e-05 283 1.46558e-05 284 1.46558e-05 285 1.46558e-05 286 1.46558e-05 287 1.46558e-05 288 1.46558e-05 289 1.46558e-05 290 1.46558e-05 291 1.46558e-05 292 1.46558e-05 293 1.46558e-05 294 1.46558e-05 295 1.46558e-05 296 1.46558e-05 297 1.46558e-05 298 1.46558e-05 299 1.46558e-05 300 1.46558e-05 301 1.46558e-05 302 1.46558e-05 303 1.46558e-05 304 1.46558e-05 305 1.46558e-05 306 1.46558e-05 307 1.46558e-05 308 1.46558e-05 309 1.46558e-05 310 1.46558e-05 311 1.46558e-05 312 1.46558e-05
1502.27 20 286 -1.06641e-05 287 -1.06641e-05 288 -1.06641e-05 289 -1.06641e-05 290 -1.06641e-05 291 -1.06641e-05 292 -1.06641e-05 293 -1.06641e-05 294 -1.06641e-05 295 -1.06641e-05 296 -1.06641e-05 297 -1.06641e-05 298 -1.06641e-05 299 -1.06641e-05 300 -1.06641e-05 301 -1.06641e-05 302 -1.06641e-05
1502.28 14 365 -0.322725
1502.29 20 278 -7.48293e-06 279 -7.48293e-06 280 -7.48293e-06 281 -7.48293e-06 282 -7.48293e-06 283 -7.48293e-06 284 -7.48293e-06 285 -7.48293e-06 286 -7.48293e-06 287 -7.48293e-06 288 -7.48293e-06 289 -7.48293e-06 290 -7.48293e-06 291 -7.48293e-06 292 -7.48293e-06 293 -7.48293e-06 294 -7.48293e-06 295 -7.48293e-06 296 -7.48293e-06 297 -7.48293e-06 298 -7.48293e-06
1502.31 20 278 0 279 0 280 0 281 0 282 0 283 0 284 0 285 0 286 0 287 0 288 0 289 0 290 0 291 0 292 0 293 0 294 0 295 0 296 0 297 0 298 0
1502.36 14 261 -0.5
1502.39 14 269 1.43244e-05 270 1.43244e-05 271 1.43244e-05 272 1.43244e-05 273 1.43244e-05 274 1.43244e-05 275 1.43244e-05 276 1.43244e-05 277 1.43244e-05 278 1.43244e-05 279 1.43244e-05 280 1.43244e-05 281 1.43244e-05 282 1.43244e-05 283 1.43244e-05 284 1.43244e-05 285 1.43244e-05 286 1.43244e-05 287 1.43244e-05 288 1.43244e-05 289 1.43244e-05 290 1.43244e-05 291 1.43244e-05 292 1.43244e-05 293 1.43244e-05 294 1.43244e-05 295 1.43244e-05 296 1.43244e-05 297 1.43244e-05 298 1.43244e-05 299 1.43244e-05 300 1.43244e-05 301 1.43244e-05 302 1.43244e-05 303 1.43244e-05 304 1.43244e-05 305 1.43244e-05 306 1.43244e-05 307 1.43244e-05 308 1.43244e-05 309 1.43244e-05 310 1.43244e-05 311 1.43244e-05 312 1.43244e-05 313 1.43244e-05
1502.46 20 286 -1.03854e-05 287 -1.03854e-05 288 -1.03854e-05 289 -1.03854e-05 290 -1.03854e-05 291 -1.03854e-05 292 -1.03854e-05 293 -1.03854e-05 294 -1.03854e-05 295 -1.03854e-05 296 -1.03854e-05 297 -1.03854e-05 298 -1.03854e-05 299 -1.03854e-05 300 -1.03854e-05 301 -1.03854e-05 302 -1.03854e-05
1502.51 12 278 -0.0010659 279 -0.0010659 280 -0.0010659 281 -0.0010659 282 -0.0010659 283 -0.0010659 284 -0.0010659 285 -0.0010659 286 -0.0010659 287 -0.0010659 288 -0.0010659 289 -0.0010659
1502.52 12 278 -0.000954596 279 -0.000954596 280 -0.000954596 281 -0.000954596 282 -0.000954596 283 -0.000954596 284 -0.000954596 285 -0.000954596 286 -0.000954596 287 -0.000954596 288 -0.000954596 289 -0.000954596
1502.55 14 319 0.000542183 320 0.000542183 321 0.000542183 322 0.000542183 323 0.000542183 324 0.000542183 325 0.000542183 326 0.000542183 327 0.000542183
1502.56 14 278 0.000111567 279 0.000111567 280 0.000111567 281 0.000111567 282 0.000111567 283 0.000111567 284 0.000111567 285 0.000111567 286 0.000111567 287 0.000111567 288 0.000111567 289 0.000111567 290 0.000111567 291 0.000111567 292 0.000111567 293 0.000111567 294 0.000111567 295 0.000111567 296 0.000111567
1502.57 12 278 0.102001 279 0.102001 280 0.102001 281 0.102001 282 0.102001 283 0.102001 284 0.102001 285 0.102001 286 0.102001 287 0.102001 288 0.102001 289 0.102001
1502.61 20 278 -6.40976e-05 279 -6.40976e-05 280 -6.40976e-05 281 -6.40976e-05 282 -6.40976e-05 283 -6.40976e-05 284 -6.40976e-05 285 -6.40976e-05 286 -6.40976e-05 287 -6.40976e-05 288 -6.40976e-05 289 -6.40976e-05
1502.62 20 269 -7.20644e-07 270 -7.20644e-07 271 -7.20644e-07 272 -7.20644e-07 273 -7.20644e-07 274 -7.20644e-07 275 -7.20644e-07 276 -7.20644e-07 277 -7.20644e-07 278 -7.20644e-07 279 -7.20644e-07 280 -7.20644e-07 281 -7.20644e-07 282 -7.20644e-07 283 -7.20644e-07 284 -7.20644e-07 285 -7.20644e-07 286 -7.20644e-07 287 -7.20644e-07 288 -7.20644e-07 289 -7.20644e-07 290 -7.20644e-07 291 -7.20644e-07 292 -7.20644e-07 293 -7.20644e-07 294 -7.20644e-07 295 -7.20644e-07 296 -7.20644e-07 297 -7.20644e-07 298 -7.20644e-07 299 -7.20644e-07 300 -7.20644e-07 301 -7.20644e-07 302 -7.20644e-07 303 -7.20644e-07 304 -7.20644e-07 305 -7.20644e-07 306 -7.20644e-07 307 -7.20644e-07 308 -7.20644e-07 309 -7.20644e-07 310 -7.20644e-07 311 -7.20644e-07 312 -7.20644e-07 313 -7.20644e-07
1502.65 14 278 0.00012453 279 0.00012453 280 0.00012453 281 0.00012453 282 0.00012453 283 0.00012453 284 0.00012453 285 0.00012453 286 0.00012453 287 0.00012453 288 0.00012453 289 0.00012453 290 0.00012453 291 0.00012453 292 0.00012453 293 0.00012453 294 0.00012453 295 0.00012453 296 0.00012453
1502.67 12 278 -0.000121733 279 -0.000121733 280 -0.000121733 281 -0.000121733 282 -0.000121733 283 -0.000121733 284 -0.000121733 285 -0.000121733 286 -0.000121733 287 -0.000121733 288 -0.000121733 289 -0.000121733 290 -0.000121733 291 -0.000121733 292 -0.000121733 293 -0.000121733 294 -0.000121733 295 -0.000121733 296 -0.000121733
1502.71 20 269 0 270 0 271 0 272 0 273 0 274 0 275 0 276 0 277 0 278 0 279 0 280 0 281 0 282 0 283 0 284 0 285 0 286 0 287 0 288 0 289 0 290 0 291 0 292 0 293 0 294 0 295 0 296 0 297 0 298 0 299 0 300 0 301 0 302 0 303 0 304 0 305 0 306 0 307 0 308 0 309 0 310 0 311 0 312 0 313 0
1502.75 14 278 0.000124604 279 0.000124604 280 0.000124604 281 0.000124604 282 0.000124604 283 0.000124604 284 0.000124604 285 0.000124604 286 0.000124604 287 0.000124604 288 0.000124604 289 0.000124604 290 0.000124604 291 0.000124604 292 0.000124604 293 0.000124604 294 0.000124604 295 0.000124604 296 0.000124604
1502.77 14 269 1.38256e-05 270 1.38256e-05 271 1.38256e-05 272 1.38256e-05 273 1.38256e-05 274 1.38256e-05 275 1.38256e-05 276 1.38256e-05 277 1.38256e-05 278 1.38256e-05 279 1.38256e-05 280 1.38256e-05 281 1.38256e-05 282 1.38256e-05 283 1.38256e-05 284 1.38256e-05 285 1.38256e-05 286 1.38256e-05 287 1.38256e-05 288 1.38256e-05 289 1.38256e-05 290 1.38256e-05 291 1.38256e-05 292 1.38256e-05 293 1.38256e-05 294 1.38256e-05 295 1.38256e-05 296 1.38256e-05 297 1.38256e-05 298 1.38256e-05 299 1.38256e-05 300 1.38256e-05 301 1.38256e-05 302 1.38256e-05 303 1.38256e-05 304 1.38256e-05 305 1.38256e-05 306 1.38256e-05 307 1.38256e-05 308 1.38256e-05 309 1.38256e-05 310 1.38256e-05 311 1.38256e-05 312 1.38256e-05 313 1.38256e-05
1502.79 14 278 0.000121613 279 0.000121613 280 0.000121613 281 0.000121613 282 0.000121613 283 0.000121613 284 0.000121613 285 0.000121613 286 0.000121613 287 0.000121613 288 0.000121613 289 0.000121613 290 0.000121613 291 0.000121613 292 0.000121613 293 0.000121613 294 0.000121613 295 0.000121613 296 0.000121613 297 0.000121613
1502.8 20 320 -2.63777e-05 321 -2.63777e-05 322 -2.63777e-05 323 -2.63777e-05 324 -2.63777e-05 325 -2.63777e-05 326 -2.63777e-05 327 -2.63777e-05 328 -2.63777e-05 329 -2.63777e-05
1502.82 20 269 0 270 0 271 0 272 0 273 0 274 0 275 0 276 0 277 0 278 0 279 0 280 0 281 0 282 0 283 0 284 0 285 0 286 0 287 0 288 0 289 0 290 0 291 0 292 0 293 0 294 0 295 0 296 0 297 0 298 0 299 0 300 0 301 0 302 0 303 0 304 0 305 0 306 0 307 0 308 0 309 0 310 0 311 0 312 0 313 0
1502.84 20 269 0 270 0 271 0 272 0 273 0 274 0 275 0 276 0 277 0 278 0 279 0 280 0 281 0 282 0 283 0 284 0 285 0 286 0 287 0 288 0 289 0 290 0 291 0 292 0 293 0 294 0 295 0 296 0 297 0 298 0 299 0 300 0 301 0 302 0 303 0 304 0 305 0 306 0 307 0 308 0 309 0 310 0 311 0 312 0 313 0
1502.88 20 268 -0.0485877
1502.91 14 269 1.14622e-05 270 1.14622e-05 271 1.14622e-05 272 1.14622e-05 273 1.14622e-05 274 1.14622e-05 275 1.14622e-05 276 1.14622e-05 277 1.14622e-05 278 1.14622e-05 279 1.14622e-05 280 1.14622e-05 281 1.14622e-05 282 1.14622e-05 283 1.14622e-05 284 1.14622e-05 285 1.14622e-05 286 1.14622e-05 287 1.14622e-05 288 1.14622e-05 289 1.14622e-05 290 1.14622e-05 291 1.14622e-05 292 1.14622e-05 293 1.14622e-05 294 1.14622e-05 295 1.14622e-05 296 1.14622e-05 297 1.14622e-05 298 1.14622e-05 299 1.14622e-05 300 1.14622e-05 301 1.14622e-05 302 1.14622e-05 303 1.14622e-05 304 1.14622e-05 305 1.14622e-05 306 1.14622e-05 307 1.14622e-05 308 1.14622e-05 309 1.14622e-05 310 1.14622e-05 311 1.14622e-05 312 1.14622e-05 313 1.14622e-05
1502.94 13 284 0.5
1502.95 14 269 1.15427e-05 270 1.15427e-05 271 1.15427e-05 272 1.15427e-05 273 1.15427e-05 274 1.15427e-05 275 1.15427e-05 276 1.15427e-05 277 1.15427e-05 278 1.15427e-05 279 1.15427e-05 280 1.15427e-05 281 1.15427e-05 282 1.15427e-05 283 1.15427e-05 284 1.15427e-05 285 1.15427e-05 286 1.15427e-05 287 1.15427e-05 288 1.15427e-05 289 1.15427e-05 290 1.15427e-05 291 1.15427e-05 292 1.15427e-05 293 1.15427e-05 294 1.15427e-05 295 1.15427e-05 296 1.15427e-05 297 1.15427e-05 298 1.15427e-05 299 1.15427e-05 300 1.15427e-05 301 1.15427e-05 302 1.15427e-05 303 1.15427e-05 304 1.15427e-05 305 1.15427e-05 306 1.15427e-05 307 1.15427e-05 308 1.15427e-05 309 1.15427e-05 310 1.15427e-05 311 1.15427e-05 312 1.15427e-05 313 1.15427e-05
1502.98 12 320 -0.000502632 321 -0.000502632 322 -0.000502632 323 -0.000502632 324 -0.000502632 325 -0.000502632 326 -0.000502632 327 -0.000502632 328 -0.000502632 329 -0.000502632
1502.99 20 269 0 270 0 271 0 272 0 273 0 274 0 275 0 276 0 277 0 278 0 279 0 280 0 281 0 282 0 283 0 284 0 285 0 286 0 287 0 288 0 289 0 290 0 291 0 292 0 293 0 294 0 295 0 296 0 297 0 298 0 299 0 300 0 301 0 302 0 303 0 304 0 305 0 306 0 307 0 308 0 309 0 310 0 311 0 312 0 313 0
1503 12 269 -1.91487e-05 270 -1.91487e-05 271 -1.91487e-05 272 -1.91487e-05 273 -1.91487e-05 274 -1.91487e-05 275 -1.91487e-05 276 -1.91487e-05 277 -1.91487e-05 278 -1.91487e-05 279 -1.91487e-05 280 -1.91487e-05 281 -1.91487e-05 282 -1.91487e-05 283 -1.91487e-05 284 -1.91487e-05 285 -1.91487e-05 286 -1.91487e-05 287 -1.91487e-05 288 -1.91487e-05 289 -1.91487e-05 290 -1.91487e-05 291 -1.91487e-05 292 -1.91487e-05 293 -1.91487e-05 294 -1.91487e-05 295 -1.91487e-05 296 -1.91487e-05 297 -1.91487e-05 298 -1.91487e-05 299 -1.91487e-05 300 -1.91487e-05 301 -1.91487e-05 302 -1.91487e-05 303 -1.91487e-05 304 -1.91487e-05 305 -1.91487e-05 306 -1.91487e-05 307 -1.91487e-05 308 -1.91487e-05 309 -1.91487e-05 310 -1.91487e-05 311 -1.91487e-05 312 -1.91487e-05
1503.02 20 271 -2.56819e-06 272 -2.56819e-06 273 -2.56819e-06 274 -2.56819e-06 275 -2.56819e-06 276 -2.56819e-06 277 -2.56819e-06 278 -2.56819e-06 279 -2.56819e-06 280 -2.56819e-06 281 -2.56819e-06 282 -2.56819e-06 283 -2.56819e-06 284 -2.56819e-06 285 -2.56819e-06 286 -2.56819e-06 287 -2.56819e-06 288 -2.56819e-06 289 -2.56819e-06 290 -2.56819e-06 291 -2.56819e-06 292 -2.56819e-06 293 -2.56819e-06 294 -2.56819e-06 295 -2.56819e-06 296 -2.56819e-06 297 -2.56819e-06 298 -2.56819e-06 299 -2.56819e-06 300 -2.56819e-06 301 -2.56819e-06 302 -2.56819e-06 303 -2.56819e-06 304 -2.56819e-06 305 -2.56819e-06 306 -2.56819e-06 307 -2.56819e-06 308 -2.56819e-06 309 -2.56819e-06 310 -2.56819e-06 311 -2.56819e-06 312 -2.56819e-06 313 -2.56819e-06
1503.03 20 320 -2.619e-05 321 -2.619e-05 322 -2.619e-05 323 -2.619e-05 324 -2.619e-05 325 -2.619e-05 326 -2.619e-05 327 -2.619e-05 328 -2.619e-05 329 -2.619e-05
1503.04 20 21 -0.00687891
1503.08 12 310 -0.000141528 311 -0.000141528 312 -0.000141528 313 -0.000141528 314 -0.000141528 315 -0.000141528 316 -0.000141528 317 -0.000141528 318 -0.000141528 319 -0.000141528 320 -0.000141528 321 -0.000141528 322 -0.000141528
1503.14 20 271 0 272 0 273 0 274 0 275 0 276 0 277 0 278 0 279 0 280 0 281 0 282 0 283 0 284 0 285 0 286 0 287 0 288 0 289 0 290 0 291 0 292 0 293 0 294 0 295 0 296 0 297 0 298 0 299 0 300 0 301 0 302 0 303 0 304 0 305 0 306 0 307 0 308 0 309 0 310 0 311 0
1503.16 12 286 -0.000186588 287 -0.000186588 288 -0.000186588 289 -0.000186588 290 -0.000186588 291 -0.000186588 292 -0.000186588 293 -0.000186588 294 -0.000186588 295 -0.000186588 296 -0.000186588 297 -0.000186588 298 -0.000186588 299 -0.000186588 300 -0.000186588 301 -0.000186588 302 -0.000186588
1503.18 14 279 0.000121471 280 0.000121471 281 0.000121471 282 0.000121471 283 0.000121471 284 0.000121471 285 0.000121471 286 0.000121471 287 0.000121471 288 0.000121471 289 0.000121471 290 0.000121471 291 0.000121471 292 0.000121471 293 0.000121471 294 0.000121471 295 0.000121471 296 0.000121471 297 0.000121471 298 0.000121471
1503.23 14 271 0 272 0 273 0 274 0 275 0 276 0 277 0 278 0 279 0 280 0 281 0 282 0 283 0 284 0 285 0 286 0 287 0 288 0 289 0 290 0 291 0 292 0 293 0 294 0 295 0 296 0 297 0 298 0 299 0 300 0 301 0 302 0 303 0 304 0 305 0 306 0 307 0 308 0 309 0 310 0 311 0
1503.24 9 289 -2.77556e-17 290 -2.77556e-17 291 -2.77556e-17 292 -2.77556e-17 293 -2.77556e-17 294 -2.77556e-17 295 -2.77556e-17 296 -2.77556e-17 297 -2.77556e-17 298 -1.11022e-16
1503.27 20 310 -1.00622e-05 311 -1.00622e-05 312 -1.00622e-05 313 -1.00622e-05 314 -1.00622e-05 315 -1.00622e-05 316 -1.00622e-05 317 -1.00622e-05 318 -1.00622e-05 319 -1.00622e-05 320 -1.00622e-05 321 -1.00622e-05 322 -1.00622e-05
1503.33 14 310 0.000152827 311 0.000152827 312 0.000152827 313 0.000152827 314 0.000152827 315 0.000152827 316 0.000152827 317 0.000152827 318 0.000152827 319 0.000152827 320 0.000152827 321 0.000152827 322 0.000152827
1503.34 14 271 4.81855e-05 272 4.81855e-05 273 4.81855e-05 274 4.81855e-05 275 4.81855e-05 276 4.81855e-05 277 4.81855e-05 278 4.81855e-05 279 4.81855e-05 280 4.81855e-05 281 4.81855e-05 282 4.81855e-05 283 4.81855e-05 284 4.81855e-05 285 4.81855e-05 286 4.81855e-05 287 4.81855e-05 288 4.81855e-05 289 4.81855e-05 290 4.81855e-05 291 4.81855e-05 292 4.81855e-05 293 4.81855e-05 294 4.81855e-05 295 4.81855e-05 296 4.81855e-05 297 4.81855e-05 298 4.81855e-05 299 4.81855e-05 300 4.81855e-05 301 4.81855e-05 302 4.81855e-05 303 4.81855e-05 304 4.81855e-05 305 4.81855e-05 306 4.81855e-05 307 4.81855e-05 308 4.81855e-05 309 4.81855e-05 310 4.81855e-05 311 4.81855e-05
1503.4 14 269 0 270 0 271 0 272 0 273 0 274 0 275 0 276 0 277 0 278 0 279 0 280 0 281 0 282 0 283 0 284 0 285 0 286 0 287 0 288 0 289 0 290 0 291 0 292 0 293 0 294 0 295 0 296 0 297 0 298 0 299 0 300 0 301 0 302 0 303 0 304 0 305 0 306 0 307 0 308 0 309 0 310 0 311 0 312 0
1503.41 12 269 0 270 0 271 0 272 0 273 0 274 0 275 0 276 0 277 0 278 0 279 0 280 0 281 0 282 0 283 0 284 0 285 0 286 0 287 0 288 0 289 0 290 0 291 0 292 0 293 0 294 0 295 0 296 0 297 0 298 0 299 0 300 0 301 0 302 0 303 0 304 0 305 0 306 0 307 0 308 0 309 0 310 0 311 0 312 0
1503.42 14 265 -0.295308
1503.43 20 271 0 272 0 273 0 274 0 275 0 276 0 277 0 278 0 279 0 280 0 281 0 282 0 283 0 284 0 285 0 286 0 287 0 288 0 289 0 290 0 291 0 292 0 293 0 294 0 295 0 296 0 297 0 298 0 299 0 300 0 301 0 302 0 303 0 304 0 305 0 306 0 307 0 308 0 309 0 310 0 311 0
1503.44 20 269 -1.24222e-06 270 -1.24222e-06 271 -1.24222e-06 272 -1.24222e-06 273 -1.24222e-06 274 -1.24222e-06 275 -1.24222e-06 276 -1.24222e-06 277 -1.24222e-06 278 -1.24222e-06 279 -1.24222e-06 280 -1.24222e-06 281 -1.24222e-06 282 -1.24222e-06 283 -1.24222e-06 284 -1.24222e-06 285 -1.24222e-06 286 -1.24222e-06 287 -1.24222e-06 288 -1.24222e-06 289 -1.24222e-06 290 -1.24222e-06 291 -1.24222e-06 292 -1.24222e-06 293 -1.24222e-06 294 -1.24222e-06 295 -1.24222e-06 296 -1.24222e-06 297 -1.24222e-06 298 -1.24222e-06 299 -1.24222e-06 300 -1.24222e-06 301 -1.24222e-06 302 -1.24222e-06 303 -1.24222e-06 304 -1.24222e-06 305 -1.24222e-06 306 -1.24222e-06 307 -1.24222e-06 308 -1.24222e-06 309 -1.24222e-06 310 -1.24222e-06 311 -1.24222e-06 312 -1.24222e-06
1503.46 25 283 -0.0182566
1503.47 12 271 -4.67222e-05 272 -4.67222e-05 273 -4.67222e-05 274 -4.67222e-05 275 -4.67222e-05 276 -4.67222e-05 277 -4.67222e-05 278 -4.67222e-05 279 -4.67222e-05 280 -4.67222e-05 281 -4.67222e-05 282 -4.67222e-05 283 -4.67222e-05 284 -4.67222e-05 285 -4.67222e-05 286 -4.67222e-05 287 -4.67222e-05 288 -4.67222e-05 289 -4.67222e-05 290 -4.67222e-05 291 -4.67222e-05 292 -4.67222e-05 293 -4.67222e-05 294 -4.67222e-05 295 -4.67222e-05 296 -4.67222e-05 297 -4.67222e-05 298 -4.67222e-05 299 -4.67222e-05 300 -4.67222e-05 301 -4.67222e-05 302 -4.67222e-05 303 -4.67222e-05 304 -4.67222e-05 305 -4.67222e-05 306 -4.67222e-05 307 -4.67222e-05 308 -4.67222e-05 309 -4.67222e-05 310 -4.67222e-05 311 -4.67222e-05
1503.48 14 269 0 270 0 271 0 272 0 273 0 274 0 275 0 276 0 277 0 278 0 279 0 280 0 281 0 282 0 283 0 284 0 285 0 286 0 287 0 288 0 289 0 290 0 291 0 292 0 293 0 294 0 295 0 296 0 297 0 298 0 299 0 300 0 301 0 302 0 303 0 304 0 305 0 306 0 307 0 308 0 309 0 310 0 311 0 312 0
1503.51 20 271 -2.73731e-06 272 -2.73731e-06 273 -2.73731e-06 274 -2.73731e-06 275 -2.73731e-06 276 -2.73731e-06 277 -2.73731e-06 278 -2.73731e-06 279 -2.73731e-06 280 -2.73731e-06 281 -2.73731e-06 282 -2.73731e-06 283 -2.73731e-06 284 -2.73731e-06 285 -2.73731e-06 286 -2.73731e-06 287 -2.73731e-06 288 -2.73731e-06 289 -2.73731e-06 290 -2.73731e-06 291 -2.73731e-06 292 -2.73731e-06 293 -2.73731e-06 294 -2.73731e-06 295 -2.73731e-06 296 -2.73731e-06 297 -2.73731e-06 298 -2.73731e-06 299 -2.73731e-06 300 -2.73731e-06 301 -2.73731e-06 302 -2.73731e-06 303 -2.73731e-06 304 -2.73731e-06 305 -2.73731e-06 306 -2.73731e-06 307 -2.73731e-06 308 -2.73731e-06 309 -2.73731e-06 310 -2.73731e-06 311 -2.73731e-06
1503.53 20 271 -2.74813e-06 272 -2.74813e-06 273 -2.74813e-06 274 -2.74813e-06 275 -2.74813e-06 276 -2.74813e-06 277 -2.74813e-06 278 -2.74813e-06 279 -2.74813e-06 280 -2.74813e-06 281 -2.74813e-06 282 -2.74813e-06 283 -2.74813e-06 284 -2.74813e-06 285 -2.74813e-06 286 -2.74813e-06 287 -2.74813e-06 288 -2.74813e-06 289 -2.74813e-06 290 -2.74813e-06 291 -2.74813e-06 292 -2.74813e-06 293 -2.74813e-06 294 -2.74813e-06 295 -2.74813e-06 296 -2.74813e-06 297 -2.74813e-06 298 -2.74813e-06 299 -2.74813e-06 300 -2.74813e-06 301 -2.74813e-06 302 -2.74813e-06 303 -2.74813e-06 304 -2.74813e-06 305 -2.74813e-06 306 -2.74813e-06 307 -2.74813e-06 308 -2.74813e-06 309 -2.74813e-06 310 -2.74813e-06 311 -2.74813e-06
1503.59 14 286 0.000174968 287 0.000174968 288 0.000174968 289 0.000174968 290 0.000174968 291 0.000174968 292 0.000174968 293 0.000174968 294 0.000174968 295 0.000174968 296 0.000174968 297 0.000174968 298 0.000174968 299 0.000174968 300 0.000174968 301 0.000174968 302 0.000174968
1503.63 20 278 -7.85185e-06 279 -7.85185e-06 280 -7.85185e-06 281 -7.85185e-06 282 -7.85185e-06 283 -7.85185e-06 284 -7.85185e-06 285 -7.85185e-06 286 -7.85185e-06 287 -7.85185e-06 288 -7.85185e-06 289 -7.85185e-06 290 -7.85185e-06 291 -7.85185e-06 292 -7.85185e-06 293 -7.85185e-06 294 -7.85185e-06 295 -7.85185e-06 296 -7.85185e-06 297 -7.85185e-06
1503.64 12 269 -2.67481e-05 270 -2.67481e-05 271 -2.67481e-05 272 -2.67481e-05 273 -2.67481e-05 274 -2.67481e-05 275 -2.67481e-05 276 -2.67481e-05 277 -2.67481e-05 278 -2.67481e-05 279 -2.67481e-05 280 -2.67481e-05 281 -2.67481e-05 282 -2.67481e-05 283 -2.67481e-05 284 -2.67481e-05 285 -2.67481e-05 286 -2.67481e-05 287 -2.67481e-05 288 -2.67481e-05 289 -2.67481e-05 290 -2.67481e-05 291 -2.67481e-05 292 -2.67481e-05 293 -2.67481e-05 294 -2.67481e-05 295 -2.67481e-05 296 -2.67481e-05 297 -2.67481e-05 298 -2.67481e-05 299 -2.67481e-05 300 -2.67481e-05 301 -2.67481e-05 302 -2.67481e-05 303 -2.67481e-05 304 -2.67481e-05 305 -2.67481e-05 306 -2.67481e-05 307 -2.67481e-05 308 -2.67481e-05 309 -2.67481e-05 310 -2.67481e-05 311 -2.67481e-05 312 -2.67481e-05
1503.65 20 286 -9.75364e-06 287 -9.75364e-06 288 -9.75364e-06 289 -9.75364e-06 290 -9.75364e-06 291 -9.75364e-06 292 -9.75364e-06 293 -9.75364e-06 294 -9.75364e-06 295 -9.75364e-06 296 -9.75364e-06 297 -9.75364e-06 298 -9.75364e-06 299 -9.75364e-06 300 -9.75364e-06 301 -9.75364e-06 302 -9.75364e-06
1503.67 20 272 -3.02432e-06 273 -3.02432e-06 274 -3.02432e-06 275 -3.02432e-06 276 -3.02432e-06 277 -3.02432e-06 278 -3.02432e-06 279 -3.02432e-06 280 -3.02432e-06 281 -3.02432e-06 282 -3.02432e-06 283 -3.02432e-06 284 -3.02432e-06 285 -3.02432e-06 286 -3.02432e-06 287 -3.02432e-06 288 -3.02432e-06 289 -3.02432e-06 290 -3.02432e-06 291 -3.02432e-06 292 -3.02432e-06 293 -3.02432e-06 294 -3.02432e-06 295 -3.02432e-06 296 -3.02432e-06 297 -3.02432e-06 298 -3.02432e-06 299 -3.02432e-06 300 -3.02432e-06 301 -3.02432e-06 302 -3.02432e-06 303 -3.02432e-06 304 -3.02432e-06 305 -3.02432e-06 306 -3.02432e-06 307 -3.02432e-06 308 -3.02432e-06 309 -3.02432e-06 310 -3.02432e-06 311 -3.02432e-06
1503.68 12 269 -2.65548e-05 270 -2.65548e-05 271 -2.65548e-05 272 -2.65548e-05 273 -2.65548e-05 274 -2.65548e-05 275 -2.65548e-05 276 -2.65548e-05 277 -2.65548e-05 278 -2.65548e-05 279 -2.65548e-05 280 -2.65548e-05 281 -2.65548e-05 282 -2.65548e-05 283 -2.65548e-05 284 -2.65548e-05 285 -2.65548e-05 286 -2.65548e-05 287 -2.65548e-05 288 -2.65548e-05 289 -2.65548e-05 290 -2.65548e-05 291 -2.65548e-05 292 -2.65548e-05 293 -2.65548e-05 294 -2.65548e-05 295 -2.65548e-05 296 -2.65548e-05 297 -2.65548e-05 298 -2.65548e-05 299 -2.65548e-05 300 -2.65548e-05 301 -2.65548e-05 302 -2.65548e-05 303 -2.65548e-05 304 -2.65548e-05 305 -2.65548e-05 306 -2.65548e-05 307 -2.65548e-05 308 -2.65548e-05 309 -2.65548e-05 310 -2.65548e-05 311 -2.65548e-05 312 -2.65548e-05
1503.71 12 269 -2.71248e-05 270 -2.71248e-05 271 -2.71248e-05 272 -2.71248e-05 273 -2.71248e-05 274 -2.71248e-05 275 -2.71248e-05 276 -2.71248e-05 277 -2.71248e-05 278 -2.71248e-05 279 -2.71248e-05 280 -2.71248e-05 281 -2.71248e-05 282 -2.71248e-05 283 -2.71248e-05 284 -2.71248e-05 285 -2.71248e-05 286 -2.71248e-05 287 -2.71248e-05 288 -2.71248e-05 289 -2.71248e-05 290 -2.71248e-05 291 -2.71248e-05 292 -2.71248e-05 293 -2.71248e-05 294 -2.71248e-05 295 -2.71248e-05 296 -2.71248e-05 297 -2.71248e-05 298 -2.71248e-05 299 -2.71248e-05 300 -2.71248e-05 301 -2.71248e-05 302 -2.71248e-05 303 -2.71248e-05 304 -2.71248e-05 305 -2.71248e-05 306 -2.71248e-05 307 -2.71248e-05 308 -2.71248e-05 309 -2.71248e-05 310 -2.71248e-05 311 -2.71248e-05 312 -2.71248e-05
1503.72 12 269 -2.71237e-05 270 -2.71237e-05 271 -2.71237e-05 272 -2.71237e-05 273 -2.71237e-05 274 -2.71237e-05 275 -2.71237e-05 276 -2.71237e-05 277 -2.71237e-05 278 -2.71237e-05 279 -2.71237e-05 280 -2.71237e-05 281 -2.71237e-05 282 -2.71237e-05 283 -2.71237e-05 284 -2.71237e-05 285 -2.71237e-05 286 -2.71237e-05 287 -2.71237e-05 288 -2.71237e-05 289 -2.71237e-05 290 -2.71237e-05 291 -2.71237e-05 292 -2.71237e-05 293 -2.71237e-05 294 -2.71237e-05 295 -2.71237e-05 296 -2.71237e-05 297 -2.71237e-05 298 -2.71237e-05 299 -2.71237e-05 300 -2.71237e-05 301 -2.71237e-05 302 -2.71237e-05 303 -2.71237e-05 304 -2.71237e-05 305 -2.71237e-05 306 -2.71237e-05 307 -2.71237e-05 308 -2.71237e-05 309 -2.71237e-05 310 -2.71237e-05 311 -2.71237e-05 312 -2.71237e-05
1503.74 12 273 -5.28562e-05 274 -5.28562e-05 275 -5.28562e-05 276 -5.28562e-05 277 -5.28562e-05 278 -5.28562e-05 279 -5.28562e-05 280 -5.28562e-05 281 -5.28562e-05 282 -5.28562e-05 283 -5.28562e-05 284 -5.28562e-05 285 -5.28562e-05 286 -5.28562e-05 287 -5.28562e-05 288 -5.28562e-05 289 -5.28562e-05 290 -5.28562e-05 291 -5.28562e-05 292 -5.28562e-05 293 -5.28562e-05 294 -5.28562e-05 295 -5.28562e-05 296 -5.28562e-05 297 -5.28562e-05 298 -5.28562e-05 299 -5.28562e-05 300 -5.28562e-05 301 -5.28562e-05 302 -5.28562e-05 303 -5.28562e-05 304 -5.28562e-05 305 -5.28562e-05 306 -5.28562e-05 307 -5.28562e-05 308 -5.28562e-05 309 -5.28562e-05 310 -5.28562e-05 311 -5.28562e-05 312 -5.28562e-05
1503.75 12 278 -0.000130398 279 -0.000130398 280 -0.000130398 281 -0.000130398 282 -0.000130398 283 -0.000130398 284 -0.000130398 285 -0.000130398 286 -0.000130398 287 -0.000130398 288 -0.000130398 289 -0.000130398 290 -0.000130398 291 -0.000130398 292 -0.000130398 293 -0.000130398 294 -0.000130398 295 -0.000130398 296 -0.000130398 297 -0.000130398
1503.77 9 287 -5.55112e-17 294 -2.77556e-17 295 -2.77556e-17 296 -2.77556e-17 297 -2.77556e-17
1503.78 20 269 -1.26571e-06 270 -1.26571e-06 271 -1.26571e-06 272 -1.26571e-06 273 -1.26571e-06 274 -1.26571e-06 275 -1.26571e-06 276 -1.26571e-06 277 -1.26571e-06 278 -1.26571e-06 279 -1.26571e-06 280 -1.26571e-06 281 -1.26571e-06 282 -1.26571e-06 283 -1.26571e-06 284 -1.26571e-06 285 -1.26571e-06 286 -1.26571e-06 287 -1.26571e-06 288 -1.26571e-06 289 -1.26571e-06 290 -1.26571e-06 291 -1.26571e-06 292 -1.26571e-06 293 -1.26571e-06 294 -1.26571e-06 295 -1.26571e-06 296 -1.26571e-06 297 -1.26571e-06 298 -1.26571e-06 299 -1.26571e-06 300 -1.26571e-06 301 -1.26571e-06 302 -1.26571e-06 303 -1.26571e-06 304 -1.26571e-06 305 -1.26571e-06 306 -1.26571e-06 307 -1.26571e-06 308 -1.26571e-06 309 -1.26571e-06 310 -1.26571e-06 311 -1.26571e-06 312 -1.26571e-06
1503.79 25 269 -1.26429e-06 270 -1.26429e-06 271 -1.26429e-06 272 -1.26429e-06 273 -1.26429e-06 274 -1.26429e-06 275 -1.26429e-06 276 -1.26429e-06 277 -1.26429e-06 278 -1.26429e-06 279 -1.26429e-06 280 -1.26429e-06 281 -1.26429e-06 282 -1.26429e-06 283 -1.26429e-06 284 -1.26429e-06 285 -1.26429e-06 286 -1.26429e-06 287 -1.26429e-06 288 -1.26429e-06 289 -1.26429e-06 290 -1.26429e-06 291 -1.26429e-06 292 -1.26429e-06 293 -1.26429e-06 294 -1.26429e-06 295 -1.26429e-06 296 -1.26429e-06 297 -1.26429e-06 298 -1.26429e-06 299 -1.26429e-06 300 -1.26429e-06 301 -1.26429e-06 302 -1.26429e-06 303 -1.26429e-06 304 -1.26429e-06 305 -1.26429e-06 306 -1.26429e-06 307 -1.26429e-06 308 -1.26429e-06 309 -1.26429e-06 310 -1.26429e-06 311 -1.26429e-06 312 -1.26429e-06
1503.81 14 278 0.000130423 279 0.000130423 280 0.000130423 281 0.000130423 282 0.000130423 283 0.000130423 284 0.000130423 285 0.000130423 286 0.000130423 287 0.000130423 288 0.000130423 289 0.000130423 290 0.000130423 291 0.000130423 292 0.000130423 293 0.000130423 294 0.000130423 295 0.000130423 296 0.000130423 297 0.000130423
1503.83 20 303 -0.000459477 304 -0.000459477 305 -0.000459477 306 -0.000459477 307 -0.000459477
1503.84 20 303 -0.000446782 304 -0.000446782 305 -0.000446782 306 -0.000446782 307 -0.000446782
1503.85 12 273 -5.16228e-05 274 -5.16228e-05 275 -5.16228e-05 276 -5.16228e-05 277 -5.16228e-05 278 -5.16228e-05 279 -5.16228e-05 280 -5.16228e-05 281 -5.16228e-05 282 -5.16228e-05 283 -5.16228e-05 284 -5.16228e-05 285 -5.16228e-05 286 -5.16228e-05 287 -5.16228e-05 288 -5.16228e-05 289 -5.16228e-05 290 -5.16228e-05 291 -5.16228e-05 292 -5.16228e-05 293 -5.16228e-05 294 -5.16228e-05 295 -5.16228e-05 296 -5.16228e-05 297 -5.16228e-05 298 -5.16228e-05 299 -5.16228e-05 300 -5.16228e-05 301 -5.16228e-05 302 -5.16228e-05 303 -5.16228e-05 304 -5.16228e-05 305 -5.16228e-05 306 -5.16228e-05 307 -5.16228e-05 308 -5.16228e-05 309 -5.16228e-05 310 -5.16228e-05 311 -5.16228e-05 312 -5.16228e-05
1503.86 12 310 -0.000150208 311 -0.000150208 312 -0.000150208 313 -0.000150208 314 -0.000150208 315 -0.000150208 316 -0.000150208 317 -0.000150208 318 -0.000150208 319 -0.000150208 320 -0.000150208 321 -0.000150208 322 -0.000150208
1503.87 20 278 -7.81805e-06 279 -7.81805e-06 280 -7.81805e-06 281 -7.81805e-06 282 -7.81805e-06 283 -7.81805e-06 284 -7.81805e-06 285 -7.81805e-06 286 -7.81805e-06 287 -7.81805e-06 288 -7.81805e-06 289 -7.81805e-06 290 -7.81805e-06 291 -7.81805e-06 292 -7.81805e-06 293 -7.81805e-06 294 -7.81805e-06 295 -7.81805e-06 296 -7.81805e-06 297 -7.81805e-06
1503.9 14 273 5.16272e-05 274 5.16272e-05 275 5.16272e-05 276 5.16272e-05 277 5.16272e-05 278 5.16272e-05 279 5.16272e-05 280 5.16272e-05 281 5.16272e-05 282 5.16272e-05 283 5.16272e-05 284 5.16272e-05 285 5.16272e-05 286 5.16272e-05 287 5.16272e-05 288 5.16272e-05 289 5.16272e-05 290 5.16272e-05 291 5.16272e-05 292 5.16272e-05 293 5.16272e-05 294 5.16272e-05 295 5.16272e-05 296 5.16272e-05 297 5.16272e-05 298 5.16272e-05 299 5.16272e-05 300 5.16272e-05 301 5.16272e-05 302 5.16272e-05 303 5.16272e-05 304 5.16272e-05 305 5.16272e-05 306 5.16272e-05 307 5.16272e-05 308 5.16272e-05 309 5.16272e-05 310 5.16272e-05 311 5.16272e-05 312 5.16272e-05
1503.91 20 269 -1.26853e-06 270 -1.26853e-06 271 -1.26853e-06 272 -1.26853e-06 273 -1.26853e-06 274 -1.26853e-06 275 -1.26853e-06 276 -1.26853e-06 277 -1.26853e-06 278 -1.26853e-06 279 -1.26853e-06 280 -1.26853e-06 281 -1.26853e-06 282 -1.26853e-06 283 -1.26853e-06 284 -1.26853e-06 285 -1.26853e-06 286 -1.26853e-06 287 -1.26853e-06 288 -1.26853e-06 289 -1.26853e-06 290 -1.26853e-06 291 -1.26853e-06 292 -1.26853e-06 293 -1.26853e-06 294 -1.26853e-06 295 -1.26853e-06 296 -1.26853e-06 297 -1.26853e-06 298 -1.26853e-06 299 -1.26853e-06 300 -1.26853e-06 301 -1.26853e-06 302 -1.26853e-06 303 -1.26853e-06 304 -1.26853e-06 305 -1.26853e-06 306 -1.26853e-06 307 -1.26853e-06 308 -1.26853e-06 309 -1.26853e-06 310 -1.26853e-06 311 -1.26853e-06 312 -1.26853e-06
1503.92 20 286 -9.39557e-06 287 -9.39557e-06 288 -9.39557e-06 289 -9.39557e-06 290 -9.39557e-06 291 -9.39557e-06 292 -9.39557e-06 293 -9.39557e-06 294 -9.39557e-06 295 -9.39557e-06 296 -9.39557e-06 297 -9.39557e-06 298 -9.39557e-06 299 -9.39557e-06 300 -9.39557e-06 301 -9.39557e-06 302 -9.39557e-06
1503.93 14 280 0.0227998 281 0.0227998 282 0.0227998
1503.95 20 269 -1.24448e-06 270 -1.24448e-06 271 -1.24448e-06 272 -1.24448e-06 273 -1.24448e-06 274 -1.24448e-06 275 -1.24448e-06 276 -1.24448e-06 277 -1.24448e-06 278 -1.24448e-06 279 -1.24448e-06 280 -1.24448e-06 281 -1.24448e-06 282 -1.24448e-06 283 -1.24448e-06 284 -1.24448e-06 285 -1.24448e-06 286 -1.24448e-06 287 -1.24448e-06 288 -1.24448e-06 289 -1.24448e-06 290 -1.24448e-06 291 -1.24448e-06 292 -1.24448e-06 293 -1.24448e-06 294 -1.24448e-06 295 -1.24448e-06 296 -1.24448e-06 297 -1.24448e-06 298 -1.24448e-06 299 -1.24448e-06 300 -1.24448e-06 301 -1.24448e-06 302 -1.24448e-06 303 -1.24448e-06 304 -1.24448e-06 305 -1.24448e-06 306 -1.24448e-06 307 -1.24448e-06 308 -1.24448e-06 309 -1.24448e-06 310 -1.24448e-06 311 -1.24448e-06 312 -1.24448e-06
1503.97 12 310 0.0822537 311 0.0822537 312 0.0822537 313 0.0822537 314 0.0822537 315 0.0822537 316 0.0822537 317 0.0822537 318 0.0822537 319 0.0822537 320 0.0822537 321 0.0822537 322 0.0822537
1503.98 20 273 -3.00636e-06 274 -3.00636e-06 275 -3.00636e-06 276 -3.00636e-06 277 -3.00636e-06 278 -3.00636e-06 279 -3.00636e-06 280 -3.00636e-06 281 -3.00636e-06 282 -3.00636e-06 283 -3.00636e-06 284 -3.00636e-06 285 -3.00636e-06 286 -3.00636e-06 287 -3.00636e-06 288 -3.00636e-06 289 -3.00636e-06 290 -3.00636e-06 291 -3.00636e-06 292 -3.00636e-06 293 -3.00636e-06 294 -3.00636e-06 295 -3.00636e-06 296 -3.00636e-06 297 -3.00636e-06 298 -3.00636e-06 299 -3.00636e-06 300 -3.00636e-06 301 -3.00636e-06 302 -3.00636e-06 303 -3.00636e-06 304 -3.00636e-06 305 -3.00636e-06 306 -3.00636e-06 307 -3.00636e-06 308 -3.00636e-06 309 -3.00636e-06 310 -3.00636e-06 311 -3.00636e-06 312 -3.00636e-06
1504 12 269 0 270 0 271 0 272 0 273 0 274 0 275 0 276 0 277 0 278 0 279 0 280 0 281 0 282 0 283 0 284 0 285 0 286 0 287 0 288 0 289 0 290 0 291 0 292 0 293 0 294 0 295 0 296 0 297 0 298 0 299 0 300 0 301 0 302 0 303 0 304 0 305 0 306 0 307 0 308 0 309 0 310 0 311 0 312 0
1504.01 14 269 1.90688e-05 270 1.90688e-05 271 1.90688e-05 272 1.90688e-05 273 1.90688e-05 274 1.90688e-05 275 1.90688e-05 276 1.90688e-05 277 1.90688e-05 278 1.90688e-05 279 1.90688e-05 280 1.90688e-05 281 1.90688e-05 282 1.90688e-05 283 1.90688e-05 284 1.90688e-05 285 1.90688e-05 286 1.90688e-05 287 1.90688e-05 288 1.90688e-05 289 1.90688e-05 290 1.90688e-05 291 1.90688e-05 292 1.90688e-05 293 1.90688e-05 294 1.90688e-05 295 1.90688e-05 296 1.90688e-05 297 1.90688e-05 298 1.90688e-05 299 1.90688e-05 300 1.90688e-05 301 1.90688e-05 302 1.90688e-05 303 1.90688e-05 304 1.90688e-05 305 1.90688e-05 306 1.90688e-05 307 1.90688e-05 308 1.90688e-05 309 1.90688e-05 310 1.90688e-05 311 1.90688e-05 312 1.90688e-05
1504.02 20 273 -3.01218e-06 274 -3.01218e-06 275 -3.01218e-06 276 -3.01218e-06 277 -3.01218e-06 278 -3.01218e-06 279 -3.01218e-06 280 -3.01218e-06 281 -3.01218e-06 282 -3.01218e-06 283 -3.01218e-06 284 -3.01218e-06 285 -3.01218e-06 286 -3.01218e-06 287 -3.01218e-06 288 -3.01218e-06 289 -3.01218e-06 290 -3.01218e-06 291 -3.01218e-06 292 -3.01218e-06 293 -3.01218e-06 294 -3.01218e-06 295 -3.01218e-06 296 -3.01218e-06 297 -3.01218e-06 298 -3.01218e-06 299 -3.01218e-06 300 -3.01218e-06 301 -3.01218e-06 302 -3.01218e-06 303 -3.01218e-06 304 -3.01218e-06 305 -3.01218e-06 306 -3.01218e-06 307 -3.01218e-06 308 -3.01218e-06 309 -3.01218e-06 310 -3.01218e-06 311 -3.01218e-06 312 -3.01218e-06
1504.04 14 286 0.000159627 287 0.000159627 288 0.000159627 289 0.000159627 290 0.000159627 291 0.000159627 292 0.000159627 293 0.000159627 294 0.000159627 295 0.000159627 296 0.000159627 297 0.000159627 298 0.000159627 299 0.000159627 300 0.000159627 301 0.000159627 302 0.000159627
1504.07 14 269 1.96049e-05 270 1.96049e-05 271 1.96049e-05 272 1.96049e-05 273 1.96049e-05 274 1.96049e-05 275 1.96049e-05 276 1.96049e-05 277 1.96049e-05 278 1.96049e-05 279 1.96049e-05 280 1.96049e-05 281 1.96049e-05 282 1.96049e-05 283 1.96049e-05 284 1.96049e-05 285 1.96049e-05 286 1.96049e-05 287 1.96049e-05 288 1.96049e-05 289 1.96049e-05 290 1.96049e-05 291 1.96049e-05 292 1.96049e-05 293 1.96049e-05 294 1.96049e-05 295 1.96049e-05 296 1.96049e-05 297 1.96049e-05 298 1.96049e-05 299 1.96049e-05 300 1.96049e-05 301 1.96049e-05 302 1.96049e-05 303 1.96049e-05 304 1.96049e-05 305 1.96049e-05 306 1.96049e-05 307 1.96049e-05 308 1.96049e-05 309 1.96049e-05 310 1.96049e-05 311 1.96049e-05 312 1.96049e-05
1504.09 14 269 1.99283e-05 270 1.99283e-05 271 1.99283e-05 272 1.99283e-05 273 1.99283e-05 274 1.99283e-05 275 1.99283e-05 276 1.99283e-05 277 1.99283e-05 278 1.99283e-05 279 1.99283e-05 280 1.99283e-05 281 1.99283e-05 282 1.99283e-05 283 1.99283e-05 284 1.99283e-05 285 1.99283e-05 286 1.99283e-05 287 1.99283e-05 288 1.99283e-05 289 1.99283e-05 290 1.99283e-05 291 1.99283e-05 292 1.99283e-05 293 1.99283e-05 294 1.99283e-05 295 1.99283e-05 296 1.99283e-05 297 1.99283e-05 298 1.99283e-05 299 1.99283e-05 300 1.99283e-05 301 1.99283e-05 302 1.99283e-05 303 1.99283e-05 304 1.99283e-05 305 1.99283e-05 306 1.99283e-05 307 1.99283e-05 308 1.99283e-05 309 1.99283e-05 310 1.99283e-05 311 1.99283e-05 312 1.99283e-05
1504.12 20 269 -9.61934e-07 270 -9.61934e-07 271 -9.61934e-07 272 -9.61934e-07 273 -9.61934e-07 274 -9.61934e-07 275 -9.61934e-07 276 -9.61934e-07 277 -9.61934e-07 278 -9.61934e-07 279 -9.61934e-07 280 -9.61934e-07 281 -9.61934e-07 282 -9.61934e-07 283 -9.61934e-07 284 -9.61934e-07 285 -9.61934e-07 286 -9.61934e-07 287 -9.61934e-07 288 -9.61934e-07 289 -9.61934e-07 290 -9.61934e-07 291 -9.61934e-07 292 -9.61934e-07 293 -9.61934e-07 294 -9.61934e-07 295 -9.61934e-07 296 -9.61934e-07 297 -9.61934e-07 298 -9.61934e-07 299 -9.61934e-07 300 -9.61934e-07 301 -9.61934e-07 302 -9.61934e-07 303 -9.61934e-07 304 -9.61934e-07 305 -9.61934e-07 306 -9.61934e-07 307 -9.61934e-07 308 -9.61934e-07 309 -9.61934e-07 310 -9.61934e-07 311 -9.61934e-07 312 -9.61934e-07
1504.14 20 273 -3.0193e-06 274 -3.0193e-06 275 -3.0193e-06 276 -3.0193e-06 277 -3.0193e-06 278 -3.0193e-06 279 -3.0193e-06 280 -3.0193e-06 281 -3.0193e-06 282 -3.0193e-06 283 -3.0193e-06 284 -3.0193e-06 285 -3.0193e-06 286 -3.0193e-06 287 -3.0193e-06 288 -3.0193e-06 289 -3.0193e-06 290 -3.0193e-06 291 -3.0193e-06 292 -3.0193e-06 293 -3.0193e-06 294 -3.0193e-06 295 -3.0193e-06 296 -3.0193e-06 297 -3.0193e-06 298 -3.0193e-06 299 -3.0193e-06 300 -3.0193e-06 301 -3.0193e-06 302 -3.0193e-06 303 -3.0193e-06 304 -3.0193e-06 305 -3.0193e-06 306 -3.0193e-06 307 -3.0193e-06 308 -3.0193e-06 309 -3.0193e-06 310 -3.0193e-06 311 -3.0193e-06 312 -3.0193e-06
1504.15 12 269 -1.94871e-05 270 -1.94871e-05 271 -1.94871e-05 272 -1.94871e-05 273 -1.94871e-05 274 -1.94871e-05 275 -1.94871e-05 276 -1.94871e-05 277 -1.94871e-05 278 -1.94871e-05 279 -1.94871e-05 280 -1.94871e-05 281 -1.94871e-05 282 -1.94871e-05 283 -1.94871e-05 284 -1.94871e-05 285 -1.94871e-05 286 -1.94871e-05 287 -1.94871e-05 288 -1.94871e-05 289 -1.94871e-05 290 -1.94871e-05 291 -1.94871e-05 292 -1.94871e-05 293 -1.94871e-05 294 -1.94871e-05 295 -1.94871e-05 296 -1.94871e-05 297 -1.94871e-05 298 -1.94871e-05 299 -1.94871e-05 300 -1.94871e-05 301 -1.94871e-05 302 -1.94871e-05 303 -1.94871e-05 304 -1.94871e-05 305 -1.94871e-05 306 -1.94871e-05 307 -1.94871e-05 308 -1.94871e-05 309 -1.94871e-05 310 -1.94871e-05 311 -1.94871e-05 312 -1.94871e-05
1504.16 14 269 0 270 0 271 0 272 0 273 0 274 0 275 0 276 0 277 0 278 0 279 0 280 0 281 0 282 0 283 0 284 0 285 0 286 0 287 0 288 0 289 0 290 0 291 0 292 0 293 0 294 0 295 0 296 0 297 0 298 0 299 0 300 0 301 0 302 0 303 0 304 0 305 0 306 0 307 0 308 0 309 0 310 0 311 0 312 0
1504.17 14 320 0.000504946 321 0.000504946 322 0.000504946 323 0.000504946 324 0.000504946 325 0.000504946 326 0.000504946 327 0.000504946 328 0.000504946 329 0.000504946
1504.18 12 269 0 270 0 271 0 272 0 273 0 274 0 275 0 276 0 277 0 278 0 279 0 280 0 281 0 282 0 283 0 284 0 285 0 286 0 287 0 288 0 289 0 290 0 291 0 292 0 293 0 294 0 295 0 296 0 297 0 298 0 299 0 300 0 301 0 302 0 303 0 304 0 305 0 306 0 307 0 308 0 309 0 310 0 311 0 312 0
1504.2 12 269 -1.92761e-05 270 -1.92761e-05 271 -1.92761e-05 272 -1.92761e-05 273 -1.92761e-05 274 -1.92761e-05 275 -1.92761e-05 276 -1.92761e-05 277 -1.92761e-05 278 -1.92761e-05 279 -1.92761e-05 280 -1.92761e-05 281 -1.92761e-05 282 -1.92761e-05 283 -1.92761e-05 284 -1.92761e-05 285 -1.92761e-05 286 -1.92761e-05 287 -1.92761e-05 288 -1.92761e-05 289 -1.92761e-05 290 -1.92761e-05 291 -1.92761e-05 292 -1.92761e-05 293 -1.92761e-05 294 -1.92761e-05 295 -1.92761e-05 296 -1.92761e-05 297 -1.92761e-05 298 -1.92761e-05 299 -1.92761e-05 300 -1.92761e-05 301 -1.92761e-05 302 -1.92761e-05 303 -1.92761e-05 304 -1.92761e-05 305 -1.92761e-05 306 -1.92761e-05 307 -1.92761e-05 308 -1.92761e-05 309 -1.92761e-05 310 -1.92761e-05 311 -1.92761e-05 312 -1.92761e-05
1504.21 12 269 0 270 0 271 0 272 0 273 0 274 0 275 0 276 0 277 0 278 0 279 0 280 0 281 0 282 0 283 0 284 0 285 0 286 0 287 0 288 0 289 0 290 0 291 0 292 0 293 0 294 0 295 0 296 0 297 0 298 0 299 0 300 0 301 0 302 0 303 0 304 0 305 0 306 0 307 0 308 0 309 0 310 0 311 0 312 0
1504.22 6 269 -2.26089e-05 270 -2.26089e-05 271 -2.26089e-05 272 -2.26089e-05 273 -2.26089e-05 274 -2.26089e-05 275 -2.26089e-05 276 -2.26089e-05 277 -2.26089e-05 278 -2.26089e-05 279 -2.26089e-05 280 -2.26089e-05 281 -2.26089e-05 282 -2.26089e-05 283 -2.26089e-05 284 -2.26089e-05 285 -2.26089e-05 286 -2.26089e-05 287 -2.26089e-05 288 -2.26089e-05 289 -2.26089e-05 290 -2.26089e-05 291 -2.26089e-05 292 -2.26089e-05 293 -2.26089e-05 294 -2.26089e-05 295 -2.26089e-05 296 -2.26089e-05 297 -2.26089e-05 298 -2.26089e-05 299 -2.26089e-05 300 -2.26089e-05 301 -2.26089e-05 302 -2.26089e-05 303 -2.26089e-05 304 -2.26089e-05 305 -2.26089e-05 306 -2.26089e-05 307 -2.26089e-05 308 -2.26089e-05 309 -2.26089e-05 310 -2.26089e-05 311 -2.26089e-05 312 -2.26089e-05
